-1.090376663208007812e+02 1.021156311035156250e+02
-1.087741012573242188e+02 1.015564193725585938e+02
-1.085105514526367188e+02 1.010003280639648438e+02
-1.082469863891601562e+02 1.004472274780273438e+02
-1.079834442138671875e+02 9.989720916748046875e+01
-1.077198715209960938e+02 9.935019683837890625e+01
-1.074563217163085938e+02 9.880612945556640625e+01
-1.071927566528320312e+02 9.826509857177734375e+01
-1.069292068481445312e+02 9.772702026367187500e+01
-1.066656417846679688e+02 9.719184875488281250e+01
-1.064020919799804688e+02 9.665965270996093750e+01
-1.061385345458984375e+02 9.613032531738281250e+01
-1.058749771118164062e+02 9.560394287109375000e+01
-1.056114120483398438e+02 9.508043670654296875e+01
-1.053478698730468750e+02 9.455976104736328125e+01
-1.050842971801757812e+02 9.404197692871093750e+01
-1.048207550048828125e+02 9.352702331542968750e+01
-1.045571899414062500e+02 9.301485443115234375e+01
-1.042936401367187500e+02 9.250556945800781250e+01
-1.040300750732421875e+02 9.199899291992187500e+01
-1.037665252685546875e+02 9.149518585205078125e+01
-1.035029602050781250e+02 9.099418640136718750e+01
-1.032394104003906250e+02 9.049592590332031250e+01
-1.029758377075195312e+02 9.000035095214843750e+01
-1.027122955322265625e+02 8.950753021240234375e+01
-1.024487380981445312e+02 8.901741027832031250e+01
-1.021851730346679688e+02 8.852993774414062500e+01
-1.019216156005859375e+02 8.804512786865234375e+01
-1.016580581665039062e+02 8.756301116943359375e+01
-1.013945083618164062e+02 8.708354187011718750e+01
-1.011309432983398438e+02 8.660665893554687500e+01
-1.008673858642578125e+02 8.613242340087890625e+01
-1.006038284301757812e+02 8.566078186035156250e+01
-1.003402786254882812e+02 8.519172668457031250e+01
-1.000767135620117188e+02 8.472519683837890625e+01
-9.981316375732421875e+01 8.426126861572265625e+01
-9.954959869384765625e+01 8.379983520507812500e+01
-9.928604888916015625e+01 8.334101104736328125e+01
-9.902248382568359375e+01 8.288461303710937500e+01
-9.875892639160156250e+01 8.243076324462890625e+01
-9.849536895751953125e+01 8.197935485839843750e+01
-9.823181915283203125e+01 8.153045654296875000e+01
-9.796825408935546875e+01 8.108401489257812500e+01
-9.770470428466796875e+01 8.063998413085937500e+01
-9.744113922119140625e+01 8.019842529296875000e+01
-9.717759704589843750e+01 7.975927734375000000e+01
-9.691402435302734375e+01 7.932250213623046875e+01
-9.665047454833984375e+01 7.888815307617187500e+01
-9.638690948486328125e+01 7.845613861083984375e+01
-9.612335968017578125e+01 7.802653503417968750e+01
-9.585979461669921875e+01 7.759925079345703125e+01
-9.559622955322265625e+01 7.717433166503906250e+01
-9.533267974853515625e+01 7.675170898437500000e+01
-9.506911468505859375e+01 7.633144378662109375e+01
-9.480556488037109375e+01 7.591346740722656250e+01
-9.454199981689453125e+01 7.549774932861328125e+01
-9.427845764160156250e+01 7.508434295654296875e+01
-9.401488494873046875e+01 7.467320251464843750e+01
-9.375134277343750000e+01 7.426431274414062500e+01
-9.348777770996093750e+01 7.385762786865234375e+01
-9.322422027587890625e+01 7.345320129394531250e+01
-9.296067047119140625e+01 7.305095672607421875e+01
-9.269710540771484375e+01 7.265098571777343750e+01
-9.243354034423828125e+01 7.225313568115234375e+01
-9.216999816894531250e+01 7.185749053955078125e+01
-9.190643310546875000e+01 7.146398925781250000e+01
-9.164288330078125000e+01 7.107266998291015625e+01
-9.137932586669921875e+01 7.068349456787109375e+01
-9.111576843261718750e+01 7.029641723632812500e+01
-9.085220336914062500e+01 6.991146087646484375e+01
-9.058865356445312500e+01 6.952864074707031250e+01
-9.032509613037109375e+01 6.914792633056640625e+01
-9.006153869628906250e+01 6.876928710937500000e+01
-8.979798126220703125e+01 6.839272308349609375e+01
-8.953442382812500000e+01 6.801818847656250000e+01
-8.927086639404296875e+01 6.764571380615234375e+01
-8.900730133056640625e+01 6.727529907226562500e+01
-8.874375152587890625e+01 6.690692138671875000e+01
-8.848018646240234375e+01 6.654051971435546875e+01
-8.821663665771484375e+01 6.617616271972656250e+01
-8.795307159423828125e+01 6.581380462646484375e+01
-8.768952178955078125e+01 6.545339202880859375e+01
-8.742595672607421875e+01 6.509498596191406250e+01
-8.716240692138671875e+01 6.473851013183593750e+01
-8.689884185791015625e+01 6.438402557373046875e+01
-8.663529205322265625e+01 6.403147125244140625e+01
-8.637172698974609375e+01 6.368085098266601562e+01
-8.610817718505859375e+01 6.333212280273437500e+01
-8.584461212158203125e+01 6.298533248901367188e+01
-8.558106231689453125e+01 6.264041137695312500e+01
-8.531749725341796875e+01 6.229740905761718750e+01
-8.505394744873046875e+01 6.195628738403320312e+01
-8.479038238525390625e+01 6.161703109741210938e+01
-8.452684020996093750e+01 6.127960205078125000e+01
-8.426326751708984375e+01 6.094402313232421875e+01
-8.399972534179687500e+01 6.061030960083007812e+01
-8.373615264892578125e+01 6.027842330932617188e+01
-8.347261047363281250e+01 5.994835662841796875e+01
-8.320903778076171875e+01 5.962006759643554688e+01
-8.294548797607421875e+01 5.929360198974609375e+01
-8.268192291259765625e+01 5.896889877319335938e+01
-8.241836547851562500e+01 5.864597320556640625e+01
-8.215480804443359375e+01 5.832487106323242188e+01
-8.189125061035156250e+01 5.800547027587890625e+01
-8.162770843505859375e+01 5.768784713745117188e+01
-8.136412811279296875e+01 5.737196731567382812e+01
-8.110058593750000000e+01 5.705778503417968750e+01
-8.083702850341796875e+01 5.674534988403320312e+01
-8.057347106933593750e+01 5.643462753295898438e+01
-8.030990600585937500e+01 5.612555313110351562e+01
-8.004635620117187500e+01 5.581825256347656250e+01
-7.978279876708984375e+01 5.551258087158203125e+01
-7.951924133300781250e+01 5.520863342285156250e+01
-7.925568389892578125e+01 5.490627288818359375e+01
-7.899213409423828125e+01 5.460562133789062500e+01
-7.872856903076171875e+01 5.430660247802734375e+01
-7.846501159667968750e+01 5.400923538208007812e+01
-7.820145416259765625e+01 5.371349334716796875e+01
-7.793789672851562500e+01 5.341938781738281250e+01
-7.767433929443359375e+01 5.312683868408203125e+01
-7.741078186035156250e+01 5.283592987060546875e+01
-7.714722442626953125e+01 5.254658889770507812e+01
-7.688366699218750000e+01 5.225885772705078125e+01
-7.662010955810546875e+01 5.197270202636718750e+01
-7.635655975341796875e+01 5.168810272216796875e+01
-7.609299468994140625e+01 5.140505981445312500e+01
-7.582942962646484375e+01 5.112355422973632812e+01
-7.556587982177734375e+01 5.084361648559570312e+01
-7.530231475830078125e+01 5.056522369384765625e+01
-7.503876495361328125e+01 5.028833007812500000e+01
-7.477519989013671875e+01 5.001293945312500000e+01
-7.451165008544921875e+01 4.973907089233398438e+01
-7.424808502197265625e+01 4.946670150756835938e+01
-7.398453521728515625e+01 4.919583511352539062e+01
-7.372097015380859375e+01 4.892644882202148438e+01
-7.345742034912109375e+01 4.865851974487304688e+01
-7.319385528564453125e+01 4.839207839965820312e+01
-7.293030548095703125e+01 4.812708282470703125e+01
-7.266674041748046875e+01 4.786354064941406250e+01
-7.240319061279296875e+01 4.760145187377929688e+01
-7.213963317871093750e+01 4.734078979492187500e+01
-7.187608337402343750e+01 4.708156585693359375e+01
-7.161251068115234375e+01 4.682374572753906250e+01
-7.134896087646484375e+01 4.656735229492187500e+01
-7.108539581298828125e+01 4.631233978271484375e+01
-7.082185363769531250e+01 4.605874633789062500e+01
-7.055828857421875000e+01 4.580652999877929688e+01
-7.029473876953125000e+01 4.555570602416992188e+01
-7.003117370605468750e+01 4.530624389648437500e+01
-6.976762390136718750e+01 4.505815887451171875e+01
-6.950405883789062500e+01 4.481141281127929688e+01
-6.924048614501953125e+01 4.456602478027343750e+01
-6.897693634033203125e+01 4.432200241088867188e+01
-6.871337890625000000e+01 4.407928848266601562e+01
-6.844983673095703125e+01 4.383789825439453125e+01
-6.818627166748046875e+01 4.359785461425781250e+01
-6.792272186279296875e+01 4.335912704467773438e+01
-6.765915679931640625e+01 4.312168121337890625e+01
-6.739560699462890625e+01 4.288557052612304688e+01
-6.713204193115234375e+01 4.265073013305664062e+01
-6.686848449707031250e+01 4.241717529296875000e+01
-6.660492706298828125e+01 4.218489837646484375e+01
-6.634136962890625000e+01 4.195390701293945312e+01
-6.607781219482421875e+01 4.172416687011718750e+01
-6.581426239013671875e+01 4.149568939208984375e+01
-6.555069732666015625e+01 4.126845932006835938e+01
-6.528714752197265625e+01 4.104248428344726562e+01
-6.502358245849609375e+01 4.081773757934570312e+01
-6.476003265380859375e+01 4.059423065185546875e+01
-6.449646759033203125e+01 4.037192535400390625e+01
-6.423291778564453125e+01 4.015085983276367188e+01
-6.396935272216796875e+01 3.993099594116210938e+01
-6.370580291748046875e+01 3.971234512329101562e+01
-6.344223785400390625e+01 3.949487304687500000e+01
-6.317868804931640625e+01 3.927861785888671875e+01
-6.291512680053710938e+01 3.906351852416992188e+01
-6.265156173706054688e+01 3.884959793090820312e+01
-6.238801193237304688e+01 3.863687896728515625e+01
-6.212444305419921875e+01 3.842530441284179688e+01
-6.186089324951171875e+01 3.821487808227539062e+01
-6.159733581542968750e+01 3.800562667846679688e+01
-6.133378219604492188e+01 3.779751586914062500e+01
-6.107021713256835938e+01 3.759053802490234375e+01
-6.080666351318359375e+01 3.738470077514648438e+01
-6.054310226440429688e+01 3.717996597290039062e+01
-6.027955245971679688e+01 3.697639846801757812e+01
-6.001599121093750000e+01 3.677390670776367188e+01
-5.975243759155273438e+01 3.657253265380859375e+01
-5.948887252807617188e+01 3.637227249145507812e+01
-5.922532272338867188e+01 3.617309951782226562e+01
-5.896176147460937500e+01 3.597500610351562500e+01
-5.869821166992187500e+01 3.577803421020507812e+01
-5.843464660644531250e+01 3.558209991455078125e+01
-5.817109680175781250e+01 3.538726043701171875e+01
-5.790753173828125000e+01 3.519348144531250000e+01
-5.764398193359375000e+01 3.500077056884765625e+01
-5.738041687011718750e+01 3.480910873413085938e+01
-5.711686706542968750e+01 3.461849594116210938e+01
-5.685330200195312500e+01 3.442893218994140625e+01
-5.658975219726562500e+01 3.424040985107421875e+01
-5.632618713378906250e+01 3.405290222167968750e+01
-5.606262969970703125e+01 3.386642837524414062e+01
-5.579907989501953125e+01 3.368098449707031250e+01
-5.553551483154296875e+01 3.349654769897460938e+01
-5.527196502685546875e+01 3.331312942504882812e+01
-5.500840377807617188e+01 3.313070297241210938e+01
-5.474484634399414062e+01 3.294928741455078125e+01
-5.448128890991210938e+01 3.276885604858398438e+01
-5.421772766113281250e+01 3.258942413330078125e+01
-5.395417785644531250e+01 3.241096496582031250e+01
-5.369061660766601562e+01 3.223347473144531250e+01
-5.342705917358398438e+01 3.205697250366210938e+01
-5.316350173950195312e+01 3.188143920898437500e+01
-5.289994049072265625e+01 3.170684814453125000e+01
-5.263638305664062500e+01 3.153322410583496094e+01
-5.237282562255859375e+01 3.136056327819824219e+01
-5.210926818847656250e+01 3.118881797790527344e+01
-5.184571075439453125e+01 3.101804542541503906e+01
-5.158215332031250000e+01 3.084818267822265625e+01
-5.131859588623046875e+01 3.067926025390625000e+01
-5.105503845214843750e+01 3.051127624511718750e+01
-5.079148101806640625e+01 3.034420394897460938e+01
-5.052792358398437500e+01 3.017803192138671875e+01
-5.026436614990234375e+01 3.001278495788574219e+01
-5.000081634521484375e+01 2.984843635559082031e+01
-4.973725128173828125e+01 2.968498039245605469e+01
-4.947369766235351562e+01 2.952243423461914062e+01
-4.921014022827148438e+01 2.936077690124511719e+01
-4.894658279418945312e+01 2.919999122619628906e+01
-4.868302917480468750e+01 2.904010009765625000e+01
-4.841946792602539062e+01 2.888107681274414062e+01
-4.815591049194335938e+01 2.872292518615722656e+01
-4.789235305786132812e+01 2.856564521789550781e+01
-4.762879562377929688e+01 2.840922737121582031e+01
-4.736524200439453125e+01 2.825365257263183594e+01
-4.710168457031250000e+01 2.809894371032714844e+01
-4.683812713623046875e+01 2.794507408142089844e+01
-4.657456588745117188e+01 2.779204750061035156e+01
-4.631100463867187500e+01 2.763985252380371094e+01
-4.604744720458984375e+01 2.748850440979003906e+01
-4.578388977050781250e+01 2.733798599243164062e+01
-4.552033233642578125e+01 2.718827629089355469e+01
-4.525677490234375000e+01 2.703940010070800781e+01
-4.499321746826171875e+01 2.689134025573730469e+01
-4.472966003417968750e+01 2.674408340454101562e+01
-4.446610260009765625e+01 2.659763526916503906e+01
-4.420254516601562500e+01 2.645199203491210938e+01
-4.393898773193359375e+01 2.630713653564453125e+01
-4.367543029785156250e+01 2.616308593750000000e+01
-4.341187667846679688e+01 2.601981735229492188e+01
-4.314831924438476562e+01 2.587733268737792969e+01
-4.288475799560546875e+01 2.573563575744628906e+01
-4.262120819091796875e+01 2.559470748901367188e+01
-4.235764312744140625e+01 2.545455932617187500e+01
-4.209408950805664062e+01 2.531517028808593750e+01
-4.183053207397460938e+01 2.517654418945312500e+01
-4.156697845458984375e+01 2.503867912292480469e+01
-4.130341720581054688e+01 2.490157318115234375e+01
-4.103986358642578125e+01 2.476521301269531250e+01
-4.077630233764648438e+01 2.462960052490234375e+01
-4.051274871826171875e+01 2.449473571777343750e+01
-4.024918746948242188e+01 2.436059761047363281e+01
-3.998563385009765625e+01 2.422721099853515625e+01
-3.972206878662109375e+01 2.409454345703125000e+01
-3.945851135253906250e+01 2.396259689331054688e+01
-3.919495391845703125e+01 2.383138275146484375e+01
-3.893140029907226562e+01 2.370088386535644531e+01
-3.866784286499023438e+01 2.357109832763671875e+01
-3.840428161621093750e+01 2.344202423095703125e+01
-3.814072418212890625e+01 2.331366157531738281e+01
-3.787717056274414062e+01 2.318599700927734375e+01
-3.761360931396484375e+01 2.305903625488281250e+01
-3.735005950927734375e+01 2.293276023864746094e+01
-3.708649826049804688e+01 2.280718612670898438e+01
-3.682294464111328125e+01 2.268230056762695312e+01
-3.655938720703125000e+01 2.255809211730957031e+01
-3.629582595825195312e+01 2.243456459045410156e+01
-3.603227233886718750e+01 2.231171417236328125e+01
-3.576871490478515625e+01 2.218954086303710938e+01
-3.550515747070312500e+01 2.206803131103515625e+01
-3.524160003662109375e+01 2.194719314575195312e+01
-3.497804260253906250e+01 2.182700538635253906e+01
-3.471448516845703125e+01 2.170748710632324219e+01
-3.445092773437500000e+01 2.158861732482910156e+01
-3.418737030029296875e+01 2.147039413452148438e+01
-3.392381286621093750e+01 2.135283279418945312e+01
-3.366025543212890625e+01 2.123590469360351562e+01
-3.339669799804687500e+01 2.111961746215820312e+01
-3.313313293457031250e+01 2.100396728515625000e+01
-3.286957931518554688e+01 2.088895034790039062e+01
-3.260602188110351562e+01 2.077456283569335938e+01
-3.234246444702148438e+01 2.066080665588378906e+01
-3.207891082763671875e+01 2.054766845703125000e+01
-3.181534957885742188e+01 2.043515014648437500e+01
-3.155179214477539062e+01 2.032325363159179688e+01
-3.128823852539062500e+01 2.021195983886718750e+01
-3.102467918395996094e+01 2.010128784179687500e+01
-3.076111984252929688e+01 1.999121475219726562e+01
-3.049756431579589844e+01 1.988174247741699219e+01
-3.023400878906250000e+01 1.977287101745605469e+01
-2.997044944763183594e+01 1.966459655761718750e+01
-2.970689201354980469e+01 1.955691719055175781e+01
-2.944333648681640625e+01 1.944982528686523438e+01
-2.917977714538574219e+01 1.934332275390625000e+01
-2.891622161865234375e+01 1.923739814758300781e+01
-2.865266227722167969e+01 1.913205528259277344e+01
-2.838910675048828125e+01 1.902728843688964844e+01
-2.812555122375488281e+01 1.892309570312500000e+01
-2.786199188232421875e+01 1.881947898864746094e+01
-2.759843635559082031e+01 1.871642303466796875e+01
-2.733487701416015625e+01 1.861393356323242188e+01
-2.707131958007812500e+01 1.851200866699218750e+01
-2.680776596069335938e+01 1.841064071655273438e+01
-2.654420089721679688e+01 1.830982017517089844e+01
-2.628064346313476562e+01 1.820955657958984375e+01
-2.601708602905273438e+01 1.810984230041503906e+01
-2.575352859497070312e+01 1.801067733764648438e+01
-2.548997306823730469e+01 1.791205596923828125e+01
-2.522641372680664062e+01 1.781396865844726562e+01
-2.496285820007324219e+01 1.771642112731933594e+01
-2.469930267333984375e+01 1.761940956115722656e+01
-2.443574333190917969e+01 1.752292251586914062e+01
-2.417218589782714844e+01 1.742696762084960938e+01
-2.390862846374511719e+01 1.733154296875000000e+01
-2.364507293701171875e+01 1.723663520812988281e+01
-2.338151550292968750e+01 1.714224815368652344e+01
-2.311795806884765625e+01 1.704837799072265625e+01
-2.285440063476562500e+01 1.695502471923828125e+01
-2.259084320068359375e+01 1.686218452453613281e+01
-2.232728767395019531e+01 1.676984405517578125e+01
-2.206372833251953125e+01 1.667801666259765625e+01
-2.180017280578613281e+01 1.658668708801269531e+01
-2.153661537170410156e+01 1.649585914611816406e+01
-2.127305603027343750e+01 1.640553283691406250e+01
-2.100950050354003906e+01 1.631569671630859375e+01
-2.074594306945800781e+01 1.622635269165039062e+01
-2.048238754272460938e+01 1.613749694824218750e+01
-2.021883010864257812e+01 1.604912948608398438e+01
-1.995526695251464844e+01 1.596124744415283203e+01
-1.969170951843261719e+01 1.587384414672851562e+01
-1.942815208435058594e+01 1.578691959381103516e+01
-1.916459465026855469e+01 1.570047473907470703e+01
-1.890103721618652344e+01 1.561449909210205078e+01
-1.863748168945312500e+01 1.552899456024169922e+01
-1.837392234802246094e+01 1.544395828247070312e+01
-1.811036682128906250e+01 1.535939121246337891e+01
-1.784680747985839844e+01 1.527528381347656250e+01
-1.758325195312500000e+01 1.519163703918457031e+01
-1.731969451904296875e+01 1.510845184326171875e+01
-1.705613708496093750e+01 1.502571868896484375e+01
-1.679257965087890625e+01 1.494343757629394531e+01
-1.652902221679687500e+01 1.486161136627197266e+01
-1.626546669006347656e+01 1.478022956848144531e+01
-1.600190925598144531e+01 1.469929695129394531e+01
-1.573835182189941406e+01 1.461880111694335938e+01
-1.547479438781738281e+01 1.453875255584716797e+01
-1.521123886108398438e+01 1.445913887023925781e+01
-1.494767951965332031e+01 1.437996101379394531e+01
-1.468412208557128906e+01 1.430121612548828125e+01
-1.442056655883789062e+01 1.422290706634521484e+01
-1.415805625915527344e+01 1.414413547515869141e+01
-1.389581108093261719e+01 1.406557655334472656e+01
-1.363882255554199219e+01 1.398311138153076172e+01
-1.338622093200683594e+01 1.389751815795898438e+01
-1.313362503051757812e+01 1.381244945526123047e+01
-1.288102817535400391e+01 1.372790431976318359e+01
-1.262843227386474609e+01 1.364387321472167969e+01
-1.237583732604980469e+01 1.356035614013671875e+01
-1.212323951721191406e+01 1.347735404968261719e+01
-1.187064456939697266e+01 1.339485645294189453e+01
-1.161861419677734375e+01 1.331243610382080078e+01
-1.137634754180908203e+01 1.322313022613525391e+01
-1.113632774353027344e+01 1.313280487060546875e+01
-1.089661216735839844e+01 1.304288196563720703e+01
-1.065711021423339844e+01 1.295345783233642578e+01
-1.042770385742187500e+01 1.285901641845703125e+01
-1.019847965240478516e+01 1.276516532897949219e+01
-9.969254493713378906e+00 1.267200660705566406e+01
-9.766279220581054688e+00 1.256878566741943359e+01
-9.658780097961425781e+00 1.242767810821533203e+01
-9.551368713378906250e+00 1.228811931610107422e+01
-9.443958282470703125e+00 1.215012836456298828e+01
-9.336545944213867188e+00 1.201368618011474609e+01
-9.229135513305664062e+00 1.187878036499023438e+01
-9.121725082397460938e+00 1.174538516998291016e+01
-9.026439666748046875e+00 1.161119651794433594e+01
-8.946500778198242188e+00 1.147566795349121094e+01
-8.866561889648437500e+00 1.134171772003173828e+01
-8.786621093750000000e+00 1.120932865142822266e+01
-8.706682205200195312e+00 1.107849311828613281e+01
-8.626742362976074219e+00 1.094918251037597656e+01
-8.546803474426269531e+00 1.082137775421142578e+01
-8.466864585876464844e+00 1.069506740570068359e+01
-8.386925697326660156e+00 1.057023239135742188e+01
-8.306986808776855469e+00 1.044685363769531250e+01
-8.227046966552734375e+00 1.032491493225097656e+01
-8.147109031677246094e+00 1.020440006256103516e+01
-8.067170143127441406e+00 1.008529186248779297e+01
-7.987230300903320312e+00 9.967571258544921875e+00
-7.907291412353515625e+00 9.851226806640625000e+00
-7.827352523803710938e+00 9.736240386962890625e+00
-7.747413635253906250e+00 9.622596740722656250e+00
-7.667474746704101562e+00 9.510276794433593750e+00
-7.587535858154296875e+00 9.399272918701171875e+00
-7.507596969604492188e+00 9.289559364318847656e+00
-7.427658081054687500e+00 9.181129455566406250e+00
-7.347718238830566406e+00 9.073965072631835938e+00
-7.267778396606445312e+00 8.968049049377441406e+00
-7.187839508056640625e+00 8.863370895385742188e+00
-7.107900619506835938e+00 8.759915351867675781e+00
-7.028721332550048828e+00 8.657737731933593750e+00
-6.951382160186767578e+00 8.556921005249023438e+00
-6.874042510986328125e+00 8.457280158996582031e+00
-6.796703338623046875e+00 8.358799934387207031e+00
-6.719364166259765625e+00 8.261464118957519531e+00
-6.642024040222167969e+00 8.165264129638671875e+00
-6.564684867858886719e+00 8.070181846618652344e+00
-6.487346172332763672e+00 7.976208686828613281e+00
-6.410006999969482422e+00 7.883330345153808594e+00
-6.332666397094726562e+00 7.791529178619384766e+00
-6.255327224731445312e+00 7.700801372528076172e+00
-6.177987575531005859e+00 7.611129760742187500e+00
-6.100648403167724609e+00 7.522500038146972656e+00
-6.023308753967285156e+00 7.434904575347900391e+00
-5.945969581604003906e+00 7.348327636718750000e+00
-5.868630409240722656e+00 7.262760162353515625e+00
-5.791290760040283203e+00 7.178187370300292969e+00
-5.713951110839843750e+00 7.094601631164550781e+00
-5.636612415313720703e+00 7.011986732482910156e+00
-5.559272766113281250e+00 6.930335998535156250e+00
-5.481933593750000000e+00 6.849636077880859375e+00
-5.404593944549560547e+00 6.769874095916748047e+00
-5.327253341674804688e+00 6.691040992736816406e+00
-5.249914169311523438e+00 6.613127231597900391e+00
-5.172574520111083984e+00 6.536119461059570312e+00
-5.095235347747802734e+00 6.460010051727294922e+00
-5.017895698547363281e+00 6.384786605834960938e+00
-4.940556526184082031e+00 6.310437679290771484e+00
-4.863216876983642578e+00 6.236954689025878906e+00
-4.785878181457519531e+00 6.164328575134277344e+00
-4.708539009094238281e+00 6.092548370361328125e+00
-4.631198883056640625e+00 6.021602630615234375e+00
-4.553859710693359375e+00 5.951484203338623047e+00
-4.476520538330078125e+00 5.882180690765380859e+00
-4.399180412292480469e+00 5.813684463500976562e+00
-4.321840286254882812e+00 5.745987415313720703e+00
-4.244501590728759766e+00 5.679077148437500000e+00
-4.167162418365478516e+00 5.612947463989257812e+00
-4.089822769165039062e+00 5.547586917877197266e+00
-4.012483119964599609e+00 5.482987880706787109e+00
-3.935144424438476562e+00 5.419141292572021484e+00
-3.857804298400878906e+00 5.356037139892578125e+00
-3.780465126037597656e+00 5.293668270111083984e+00
-3.703125953674316406e+00 5.232025623321533203e+00
-3.625786781311035156e+00 5.171101570129394531e+00
-3.548447132110595703e+00 5.110885620117187500e+00
-3.471107959747314453e+00 5.051372051239013672e+00
-3.393767356872558594e+00 4.992550373077392578e+00
-3.316427707672119141e+00 4.934414386749267578e+00
-3.239088535308837891e+00 4.876955032348632812e+00
-3.161749362945556641e+00 4.820165634155273438e+00
-3.084409952163696289e+00 4.764036178588867188e+00
-3.007070541381835938e+00 4.708561420440673828e+00
-2.929731369018554688e+00 4.653731822967529297e+00
-2.858634471893310547e+00 4.600782871246337891e+00
-2.797928094863891602e+00 4.550480365753173828e+00
-2.737221240997314453e+00 4.500727653503417969e+00
-2.676514625549316406e+00 4.451519012451171875e+00
-2.615807771682739258e+00 4.402848243713378906e+00
-2.555100679397583008e+00 4.354708671569824219e+00
-2.494394063949584961e+00 4.307096481323242188e+00
-2.433687448501586914e+00 4.260004520416259766e+00
-2.372980594635009766e+00 4.213428020477294922e+00
-2.312273740768432617e+00 4.167360305786132812e+00
-2.251567363739013672e+00 4.121796607971191406e+00
-2.190860271453857422e+00 4.076730728149414062e+00
-2.130154132843017578e+00 4.032157897949218750e+00
-2.069447278976440430e+00 3.988072156906127930e+00
-2.008740425109863281e+00 3.944468498229980469e+00
-1.948033571243286133e+00 3.901341676712036133e+00
-1.887327194213867188e+00 3.858686208724975586e+00
-1.826620578765869141e+00 3.816496849060058594e+00
-1.765913009643554688e+00 3.774768590927124023e+00
-1.705206632614135742e+00 3.733497142791748047e+00
-1.644499778747558594e+00 3.692677021026611328e+00
-1.583793163299560547e+00 3.652302980422973633e+00
-1.523086309432983398e+00 3.612370491027832031e+00
-1.462379932403564453e+00 3.572874784469604492e+00
-1.401673078536987305e+00 3.533810615539550781e+00
-1.340966224670410156e+00 3.495173692703247070e+00
-1.280259609222412109e+00 3.456958770751953125e+00
-1.219552993774414062e+00 3.419162034988403320e+00
-1.158846378326416016e+00 3.381778717041015625e+00
-1.098139762878417969e+00 3.344803810119628906e+00
-1.037432193756103516e+00 3.308233022689819336e+00
-9.767256379127502441e-01 3.272062540054321289e+00
-9.160190224647521973e-01 3.236287355422973633e+00
-8.553124070167541504e-01 3.200903415679931641e+00
-7.946057915687561035e-01 3.165905952453613281e+00
-7.338990569114685059e-01 3.131291866302490234e+00
-6.731925606727600098e-01 3.097055435180664062e+00
-6.124857068061828613e-01 3.063193798065185547e+00
-5.517790913581848145e-01 3.029702186584472656e+00
-4.910724759101867676e-01 2.996577024459838867e+00
-4.303652644157409668e-01 2.963813543319702148e+00
-3.696587681770324707e-01 2.931408643722534180e+00
-3.089519143104553223e-01 2.899358034133911133e+00
-2.519270777702331543e-01 2.868782758712768555e+00
-2.137536406517028809e-01 2.844257116317749023e+00
-1.755804419517517090e-01 2.819941282272338867e+00
-1.374069452285766602e-01 2.795833587646484375e+00
-9.923362731933593750e-02 2.771931409835815430e+00
-6.106042861938476562e-02 2.748234510421752930e+00
-2.288711071014404297e-02 2.724739313125610352e+00
1.528620719909667969e-02 2.701445341110229492e+00
5.345940589904785156e-02 2.678350448608398438e+00
9.163290262222290039e-02 2.655452966690063477e+00
1.298061609268188477e-01 2.632751226425170898e+00
1.679794192314147949e-01 2.610243558883666992e+00
2.061527371406555176e-01 2.587928533554077148e+00
2.443260550498962402e-01 2.565804004669189453e+00
2.824993133544921875e-01 2.543868780136108398e+00
3.206727504730224609e-01 2.522120952606201172e+00
3.588460683822631836e-01 2.500559329986572266e+00
3.970192670822143555e-01 2.479181766510009766e+00
4.351925253868103027e-01 2.457987070083618164e+00
4.733658432960510254e-01 2.436973333358764648e+00
5.115378499031066895e-01 2.416140079498291016e+00
5.497021675109863281e-01 2.395488500595092773e+00
5.878666043281555176e-01 2.375013113021850586e+00
6.260308027267456055e-01 2.354712963104248047e+00
6.641950607299804688e-01 2.334586381912231445e+00
7.023592591285705566e-01 2.314631700515747070e+00
7.385097742080688477e-01 2.295864343643188477e+00
7.745241522789001465e-01 2.277317285537719727e+00
8.105387687683105469e-01 2.258920192718505859e+00
8.252565264701843262e-01 2.251406192779541016e+00
8.284748196601867676e-01 2.249716758728027344e+00
8.316930532455444336e-01 2.248028755187988281e+00
8.323439955711364746e-01 2.247687578201293945e+00
8.323439955711364746e-01 2.247687578201293945e+00
8.323439955711364746e-01 2.247687578201293945e+00
8.323439955711364746e-01 2.247687578201293945e+00
8.323439955711364746e-01 2.247687578201293945e+00
8.323439955711364746e-01 2.247687578201293945e+00
8.323439955711364746e-01 2.247687578201293945e+00
8.323439955711364746e-01 2.247687578201293945e+00
8.323439955711364746e-01 2.247687578201293945e+00
8.323439955711364746e-01 2.247687578201293945e+00
8.323439955711364746e-01 2.247687578201293945e+00
8.323439955711364746e-01 2.247687578201293945e+00
8.323439955711364746e-01 2.247687578201293945e+00
8.323439955711364746e-01 2.247687578201293945e+00
8.323439955711364746e-01 2.247687578201293945e+00
8.323439955711364746e-01 2.247687578201293945e+00
8.323439955711364746e-01 2.247687578201293945e+00
8.323439955711364746e-01 2.247687578201293945e+00
8.323439955711364746e-01 2.247687578201293945e+00
8.323439955711364746e-01 2.247687578201293945e+00
8.323439955711364746e-01 2.247687578201293945e+00
8.323439955711364746e-01 2.247687578201293945e+00
8.323439955711364746e-01 2.247687578201293945e+00
8.323439955711364746e-01 2.247687578201293945e+00
8.323439955711364746e-01 2.247687578201293945e+00
8.323439955711364746e-01 2.247687578201293945e+00
8.323439955711364746e-01 2.247687578201293945e+00
8.323439955711364746e-01 2.247687578201293945e+00
8.322885036468505859e-01 2.247678518295288086e+00
8.322219848632812500e-01 2.247667789459228516e+00
8.321554660797119141e-01 2.247656822204589844e+00
8.281868100166320801e-01 2.247440814971923828e+00
8.226063251495361328e-01 2.247139930725097656e+00
8.170258402824401855e-01 2.246839284896850586e+00
8.103900551795959473e-01 2.246535062789916992e+00
8.027040958404541016e-01 2.246227741241455078e+00
7.950181365013122559e-01 2.245920419692993164e+00
7.873322367668151855e-01 2.245613098144531250e+00
7.796462774276733398e-01 2.245305776596069336e+00
7.719603776931762695e-01 2.244998693466186523e+00
7.642744183540344238e-01 2.244691610336303711e+00
7.565884590148925781e-01 2.244384527206420898e+00
7.489025592803955078e-01 2.244077444076538086e+00
7.412165999412536621e-01 2.243770360946655273e+00
7.335306406021118164e-01 2.243463277816772461e+00
7.258447408676147461e-01 2.243156433105468750e+00
7.181587815284729004e-01 2.242849588394165039e+00
7.104728221893310547e-01 2.242542743682861328e+00
7.027869224548339844e-01 2.242235898971557617e+00
6.951009631156921387e-01 2.241929054260253906e+00
6.874150037765502930e-01 2.241622447967529297e+00
6.797291040420532227e-01 2.241315603256225586e+00
6.720431447029113770e-01 2.241008996963500977e+00
6.643571853637695312e-01 2.240702390670776367e+00
6.566712856292724609e-01 2.240396022796630859e+00
6.489853262901306152e-01 2.240089416503906250e+00
6.412993669509887695e-01 2.239783048629760742e+00
6.336134672164916992e-01 2.239476442337036133e+00
6.259275078773498535e-01 2.239170074462890625e+00
6.182415485382080078e-01 2.238863706588745117e+00
6.105556488037109375e-01 2.238557577133178711e+00
6.028697490692138672e-01 2.238251209259033203e+00
5.951837301254272461e-01 2.237945079803466797e+00
5.874978303909301758e-01 2.237638711929321289e+00
5.798118710517883301e-01 2.237332582473754883e+00
5.721259117126464844e-01 2.237026453018188477e+00
5.644400119781494141e-01 2.236720561981201172e+00
5.567541122436523438e-01 2.236414432525634766e+00
5.490680932998657227e-01 2.236108541488647461e+00
5.413821935653686523e-01 2.235802650451660156e+00
5.336962938308715820e-01 2.235496520996093750e+00
5.260102748870849609e-01 2.235190868377685547e+00
5.183243751525878906e-01 2.234884977340698242e+00
5.106384754180908203e-01 2.234579324722290039e+00
5.029524564743041992e-01 2.234273433685302734e+00
4.952665567398071289e-01 2.233967781066894531e+00
4.875806272029876709e-01 2.233662128448486328e+00
4.798946976661682129e-01 2.233356714248657227e+00
4.722087383270263672e-01 2.233051061630249023e+00
4.645228385925292969e-01 2.232745647430419922e+00
4.568368792533874512e-01 2.232439994812011719e+00
4.491509199142456055e-01 2.232134580612182617e+00
4.414650201797485352e-01 2.231829166412353516e+00
4.337790906429290771e-01 2.231523990631103516e+00
4.260931313037872314e-01 2.231218576431274414e+00
4.184072017669677734e-01 2.230913400650024414e+00
4.107212126255035400e-01 2.230607986450195312e+00
4.030353128910064697e-01 2.230303049087524414e+00
3.953493833541870117e-01 2.229997873306274414e+00
3.876634240150451660e-01 2.229692697525024414e+00
3.799774646759033203e-01 2.229387521743774414e+00
3.722915351390838623e-01 2.229082584381103516e+00
3.646056056022644043e-01 2.228777647018432617e+00
3.569196760654449463e-01 2.228472709655761719e+00
3.492337465286254883e-01 2.228167772293090820e+00
3.415478467941284180e-01 2.227862834930419922e+00
3.338618874549865723e-01 2.227558135986328125e+00
3.261758685111999512e-01 2.227253437042236328e+00
3.184899687767028809e-01 2.226948738098144531e+00
3.108040690422058105e-01 2.226644039154052734e+00
3.031181097030639648e-01 2.226339340209960938e+00
2.954321503639221191e-01 2.226034641265869141e+00
2.877461910247802734e-01 2.225730180740356445e+00
2.800602912902832031e-01 2.225425720214843750e+00
2.723743319511413574e-01 2.225121259689331055e+00
2.646884322166442871e-01 2.224816799163818359e+00
2.570025324821472168e-01 2.224512577056884766e+00
2.493165135383605957e-01 2.224208116531372070e+00
2.416306138038635254e-01 2.223903894424438477e+00
2.339446544647216797e-01 2.223599433898925781e+00
2.262586951255798340e-01 2.223295450210571289e+00
2.185728549957275391e-01 2.222991228103637695e+00
2.108868360519409180e-01 2.222687005996704102e+00
2.032009363174438477e-01 2.222382783889770508e+00
1.955150365829467773e-01 2.222078800201416016e+00
1.878290176391601562e-01 2.221774816513061523e+00
1.801431179046630859e-01 2.221470832824707031e+00
1.724571585655212402e-01 2.221166849136352539e+00
1.647712588310241699e-01 2.220862865447998047e+00
1.570852994918823242e-01 2.220559120178222656e+00
1.493993401527404785e-01 2.220255374908447266e+00
1.417133212089538574e-01 2.219951629638671875e+00
1.340274214744567871e-01 2.219647884368896484e+00
1.263415813446044922e-01 2.219344139099121094e+00
1.186556220054626465e-01 2.219040632247924805e+00
1.109697222709655762e-01 2.218737125396728516e+00
1.032837033271789551e-01 2.218433380126953125e+00
9.559774398803710938e-02 2.218129873275756836e+00
8.791178464889526367e-02 2.217826366424560547e+00
8.022594451904296875e-02 2.217523097991943359e+00
7.253992557525634766e-02 2.217219591140747070e+00
6.485408544540405273e-02 2.216916322708129883e+00
5.716812610626220703e-02 2.216613054275512695e+00
4.948216676712036133e-02 2.216309547424316406e+00
4.179614782333374023e-02 2.216006517410278320e+00
3.411024808883666992e-02 2.215703248977661133e+00
2.642434835433959961e-02 2.215400218963623047e+00
1.873838901519775391e-02 2.215096950531005859e+00
1.105248928070068359e-02 2.214793920516967773e+00
3.366529941558837891e-03 2.214490890502929688e+00
-4.319429397583007812e-03 2.214188098907470703e+00
-1.200544834136962891e-02 2.213885068893432617e+00
-1.969128847122192383e-02 2.213582277297973633e+00
-2.737724781036376953e-02 2.213279247283935547e+00
-3.506314754486083984e-02 2.212976455688476562e+00
-4.274910688400268555e-02 2.212673664093017578e+00
-5.043500661849975586e-02 2.212371110916137695e+00
-5.812102556228637695e-02 2.212068319320678711e+00
-6.580686569213867188e-02 2.211765766143798828e+00
-7.349288463592529297e-02 2.211462974548339844e+00
-8.117878437042236328e-02 2.211160659790039062e+00
-8.886480331420898438e-02 2.210858106613159180e+00
-9.655076265335083008e-02 2.210555553436279297e+00
-1.042367219924926758e-01 2.210253000259399414e+00
-1.119225621223449707e-01 2.209950685501098633e+00
-1.196084618568420410e-01 2.209648370742797852e+00
-1.272943615913391113e-01 2.209346055984497070e+00
-1.349803805351257324e-01 2.209043741226196289e+00
-1.426663994789123535e-01 2.208741426467895508e+00
-1.503522992134094238e-01 2.208439350128173828e+00
-1.580381989479064941e-01 2.208137273788452148e+00
-1.657241582870483398e-01 2.207835197448730469e+00
-1.734101176261901855e-01 2.207532882690429688e+00
-1.810958981513977051e-01 2.207231044769287109e+00
-1.887817978858947754e-01 2.206928968429565430e+00
-1.964678168296813965e-01 2.206627130508422852e+00
-2.041537165641784668e-01 2.206325054168701172e+00
-2.118397355079650879e-01 2.206023454666137695e+00
-2.195257544517517090e-01 2.205721616744995117e+00
-2.272116541862487793e-01 2.205419778823852539e+00
-2.348976731300354004e-01 2.205117940902709961e+00
-2.425835728645324707e-01 2.204816341400146484e+00
-2.502694725990295410e-01 2.204514741897583008e+00
-2.579553723335266113e-01 2.204213142395019531e+00
-2.656413912773132324e-01 2.203911542892456055e+00
-2.733272910118103027e-01 2.203609943389892578e+00
-2.810131907463073730e-01 2.203308582305908203e+00
-2.886990904808044434e-01 2.203007221221923828e+00
-2.963849902153015137e-01 2.202705621719360352e+00
-3.040708899497985840e-01 2.202404260635375977e+00
-3.117570281028747559e-01 2.202102899551391602e+00
-3.194429278373718262e-01 2.201801538467407227e+00
-3.271289467811584473e-01 2.201500415802001953e+00
-3.348148465156555176e-01 2.201199293136596680e+00
-3.425008654594421387e-01 2.200898170471191406e+00
-3.501866459846496582e-01 2.200596809387207031e+00
-3.578726649284362793e-01 2.200295925140380859e+00
-3.655585646629333496e-01 2.199994802474975586e+00
-3.732444643974304199e-01 2.199693918228149414e+00
-3.809303641319274902e-01 2.199392795562744141e+00
-3.886162638664245605e-01 2.199092149734497070e+00
-3.963022828102111816e-01 2.198791027069091797e+00
-4.039881825447082520e-01 2.198490381240844727e+00
-4.116742014884948730e-01 2.198189496994018555e+00
-4.193602204322814941e-01 2.197888851165771484e+00
-4.270461201667785645e-01 2.197587966918945312e+00
-4.347320199012756348e-01 2.197287559509277344e+00
-4.424179196357727051e-01 2.196986913681030273e+00
-4.501039385795593262e-01 2.196686267852783203e+00
-4.577899575233459473e-01 2.196385622024536133e+00
-4.654756188392639160e-01 2.196085214614868164e+00
-4.731615185737609863e-01 2.195784807205200195e+00
-4.808475375175476074e-01 2.195484161376953125e+00
-4.885334372520446777e-01 2.195183992385864258e+00
-4.962193369865417480e-01 2.194883584976196289e+00
-5.039054751396179199e-01 2.194583415985107422e+00
-5.115913748741149902e-01 2.194283008575439453e+00
-5.192773938179016113e-01 2.193982839584350586e+00
-5.269632935523986816e-01 2.193682670593261719e+00
-5.346491932868957520e-01 2.193382501602172852e+00
-5.423352122306823730e-01 2.193082332611083984e+00
-5.500211119651794434e-01 2.192782402038574219e+00
-5.577068924903869629e-01 2.192482471466064453e+00
-5.653929114341735840e-01 2.192182540893554688e+00
-5.730788111686706543e-01 2.191882610321044922e+00
-5.807647109031677246e-01 2.191582679748535156e+00
-5.884507298469543457e-01 2.191282749176025391e+00
-5.961367487907409668e-01 2.190983057022094727e+00
-6.038227677345275879e-01 2.190683364868164062e+00
-6.115085482597351074e-01 2.190383672714233398e+00
-6.191944479942321777e-01 2.190083980560302734e+00
-6.268804669380187988e-01 2.189784288406372070e+00
-6.345663666725158691e-01 2.189484596252441406e+00
-6.356992125511169434e-01 2.190698146820068359e+00
-6.301940083503723145e-01 2.193475723266601562e+00
-5.988548398017883301e-01 2.203080177307128906e+00
-5.656270384788513184e-01 2.213262557983398438e+00
-5.262394547462463379e-01 2.224701881408691406e+00
-4.735682606697082520e-01 2.238825321197509766e+00
-4.022036194801330566e-01 2.256690502166748047e+00
-3.290467858314514160e-01 2.275051593780517578e+00
-2.558906674385070801e-01 2.293561935424804688e+00
-1.827347874641418457e-01 2.312222719192504883e+00
-1.095789074897766113e-01 2.331035375595092773e+00
-3.642225265502929688e-02 2.350001096725463867e+00
3.673356771469116211e-02 2.369121313095092773e+00
1.098895072937011719e-01 2.388396739959716797e+00
1.830454468727111816e-01 2.407829284667968750e+00
2.562013864517211914e-01 2.427419662475585938e+00
3.293578028678894043e-01 2.447169780731201172e+00
4.025136828422546387e-01 2.467080354690551758e+00
4.756696820259094238e-01 2.487152814865112305e+00
5.488256812095642090e-01 2.507388830184936523e+00
6.219827532768249512e-01 2.527789592742919922e+00
6.951388716697692871e-01 2.548356294631958008e+00
7.682949304580688477e-01 2.569090127944946289e+00
8.414508700370788574e-01 2.589992523193359375e+00
9.321730732917785645e-01 2.612193822860717773e+00
1.090026497840881348e+00 2.639923810958862305e+00
1.255042552947998047e+00 2.669055938720703125e+00
1.420058250427246094e+00 2.698509693145751953e+00
1.585073709487915039e+00 2.728288173675537109e+00
1.750089645385742188e+00 2.758395671844482422e+00
1.915105104446411133e+00 2.788835287094116211e+00
2.080121755599975586e+00 2.819611072540283203e+00
2.245139122009277344e+00 2.850726366043090820e+00
2.410154819488525391e+00 2.882184743881225586e+00
2.575171709060668945e+00 2.913990497589111328e+00
2.740186691284179688e+00 2.946146965026855469e+00
2.905202865600585938e+00 2.978658676147460938e+00
3.070218086242675781e+00 3.011528491973876953e+00
3.235234022140502930e+00 3.044761657714843750e+00
3.416363954544067383e+00 3.079740285873413086e+00
3.604575395584106445e+00 3.115733861923217773e+00
3.792787790298461914e+00 3.152148008346557617e+00
3.986989736557006836e+00 3.189563512802124023e+00
4.191613674163818359e+00 3.228436708450317383e+00
4.396235942840576172e+00 3.267783880233764648e+00
4.600859642028808594e+00 3.307610034942626953e+00
4.805482864379882812e+00 3.347921848297119141e+00
5.010106086730957031e+00 3.388725042343139648e+00
5.214728355407714844e+00 3.430025339126586914e+00
5.419351577758789062e+00 3.471829175949096680e+00
5.623974323272705078e+00 3.514142036437988281e+00
5.828601837158203125e+00 3.556972265243530273e+00
6.033226013183593750e+00 3.600323200225830078e+00
6.237848758697509766e+00 3.644202470779418945e+00
6.442471027374267578e+00 3.688616037368774414e+00
6.647094249725341797e+00 3.733572006225585938e+00
6.851716995239257812e+00 3.779074907302856445e+00
7.056341171264648438e+00 3.825132608413696289e+00
7.260963439941406250e+00 3.871751785278320312e+00
7.465585708618164062e+00 3.918938636779785156e+00
7.670210361480712891e+00 3.966701745986938477e+00
7.874832630157470703e+00 4.015045642852783203e+00
8.086582183837890625e+00 4.063722133636474609e+00
8.300866127014160156e+00 4.112895965576171875e+00
8.515150070190429688e+00 4.162665367126464844e+00
8.729434967041015625e+00 4.213037014007568359e+00
8.943718910217285156e+00 4.264018058776855469e+00
9.158003807067871094e+00 4.315615653991699219e+00
9.372287750244140625e+00 4.367837905883789062e+00
9.586572647094726562e+00 4.420691490173339844e+00
9.800855636596679688e+00 4.474185943603515625e+00
1.001514053344726562e+01 4.528326034545898438e+00
1.022942447662353516e+01 4.583122730255126953e+00
1.044370841979980469e+01 4.638581275939941406e+00
1.065799236297607422e+01 4.694712162017822266e+00
1.087227725982666016e+01 4.751522064208984375e+00
1.108656597137451172e+01 4.809019565582275391e+00
1.130085086822509766e+01 4.867212772369384766e+00
1.151513481140136719e+01 4.926109313964843750e+00
1.172941780090332031e+01 4.985719203948974609e+00
1.194370269775390625e+01 5.046050548553466797e+00
1.215798759460449219e+01 5.107110500335693359e+00
1.237226963043212891e+01 5.168910503387451172e+00
1.258655452728271484e+01 5.231458187103271484e+00
1.280083942413330078e+01 5.294763088226318359e+00
1.301512336730957031e+01 5.358833789825439453e+00
1.322940731048583984e+01 5.423679351806640625e+00
1.344369029998779297e+01 5.489310741424560547e+00
1.365797615051269531e+01 5.555734634399414062e+00
1.387226009368896484e+01 5.622963428497314453e+00
1.408654403686523438e+01 5.691005706787109375e+00
1.430082798004150391e+01 5.759871006011962891e+00
1.451511192321777344e+01 5.829568862915039062e+00
1.472939682006835938e+01 5.900111675262451172e+00
1.494368076324462891e+01 5.971508026123046875e+00
1.515796566009521484e+01 6.043766498565673828e+00
1.537224769592285156e+01 6.116901397705078125e+00
1.558653354644775391e+01 6.190921306610107422e+00
1.580081748962402344e+01 6.265834808349609375e+00
1.601510047912597656e+01 6.341655254364013672e+00
1.622938346862792969e+01 6.418394565582275391e+00
1.644367408752441406e+01 6.496064186096191406e+00
1.665795898437500000e+01 6.574672222137451172e+00
1.687224388122558594e+01 6.654229640960693359e+00
1.708652877807617188e+01 6.734751701354980469e+00
1.730081176757812500e+01 6.816246032714843750e+00
1.752503967285156250e+01 6.897008419036865234e+00
1.776741981506347656e+01 6.975551605224609375e+00
1.800979804992675781e+01 7.054989814758300781e+00
1.825223731994628906e+01 7.135320186614990234e+00
1.850622367858886719e+01 7.214468479156494141e+00
1.876021194458007812e+01 7.294494628906250000e+00
1.901419830322265625e+01 7.375410556793212891e+00
1.926818656921386719e+01 7.457221984863281250e+00
1.952217292785644531e+01 7.539940834045410156e+00
1.977616119384765625e+01 7.623577117919921875e+00
2.003014755249023438e+01 7.708143234252929688e+00
2.028413581848144531e+01 7.793645381927490234e+00
2.053812217712402344e+01 7.880096435546875000e+00
2.079211044311523438e+01 7.967505931854248047e+00
2.104609680175781250e+01 8.055887222290039062e+00
2.130165290832519531e+01 8.144753456115722656e+00
2.156944847106933594e+01 8.230704307556152344e+00
2.183724021911621094e+01 8.317563056945800781e+00
2.210503578186035156e+01 8.405339241027832031e+00
2.237283325195312500e+01 8.494041442871093750e+00
2.264063453674316406e+01 8.583680152893066406e+00
2.290842628479003906e+01 8.674264907836914062e+00
2.317622184753417969e+01 8.765805244445800781e+00
2.344401359558105469e+01 8.858311653137207031e+00
2.371181106567382812e+01 8.951791763305664062e+00
2.397960662841796875e+01 9.046261787414550781e+00
2.427856063842773438e+01 9.122926712036132812e+00
2.461525726318359375e+01 9.178117752075195312e+00
2.495503234863281250e+01 9.231043815612792969e+00
2.529503250122070312e+01 9.284034729003906250e+00
2.563831901550292969e+01 9.334110260009765625e+00
2.598232078552246094e+01 9.383759498596191406e+00
2.632632827758789062e+01 9.433675765991210938e+00
2.667033004760742188e+01 9.483857154846191406e+00
2.701433944702148438e+01 9.534305572509765625e+00
2.735834693908691406e+01 9.585021972656250000e+00
2.770234870910644531e+01 9.636006355285644531e+00
2.804635429382324219e+01 9.687266349792480469e+00
2.839036178588867188e+01 9.738796234130859375e+00
2.873436927795410156e+01 9.790598869323730469e+00
2.907837677001953125e+01 9.842679023742675781e+00
2.942238044738769531e+01 9.895035743713378906e+00
2.976638412475585938e+01 9.947670936584472656e+00
3.011039161682128906e+01 1.000058650970458984e+01
3.045439529418945312e+01 1.005378341674804688e+01
3.079840850830078125e+01 1.010726356506347656e+01
3.114241409301757812e+01 1.016102790832519531e+01
3.148642539978027344e+01 1.021507835388183594e+01
3.183042907714843750e+01 1.026941680908203125e+01
3.217443466186523438e+01 1.032404327392578125e+01
3.251843643188476562e+01 1.037895870208740234e+01
3.286244583129882812e+01 1.043417072296142578e+01
3.320645141601562500e+01 1.048967456817626953e+01
3.355045318603515625e+01 1.054547023773193359e+01
3.389445877075195312e+01 1.060156631469726562e+01
3.423846817016601562e+01 1.065795993804931641e+01
3.458247375488281250e+01 1.071465396881103516e+01
3.492647933959960938e+01 1.077164936065673828e+01
3.527048492431640625e+01 1.082894515991210938e+01
3.561449050903320312e+01 1.088655090332031250e+01
3.595849609375000000e+01 1.094446086883544922e+01
3.630250167846679688e+01 1.100267601013183594e+01
3.664650726318359375e+01 1.106120395660400391e+01
3.699050903320312500e+01 1.112004470825195312e+01
3.733451843261718750e+01 1.117919445037841797e+01
3.767852401733398438e+01 1.123866081237792969e+01
3.802252960205078125e+01 1.129844379425048828e+01
3.836653900146484375e+01 1.135854434967041016e+01
3.871054077148437500e+01 1.141896438598632812e+01
3.905454635620117188e+01 1.147970390319824219e+01
3.939855957031250000e+01 1.154077148437500000e+01
3.974256896972656250e+01 1.160216140747070312e+01
4.008657073974609375e+01 1.166387844085693359e+01
4.043058013916015625e+01 1.172592258453369141e+01
4.077458190917968750e+01 1.178829479217529297e+01
4.111859130859375000e+01 1.185100078582763672e+01
4.146259689331054688e+01 1.191404151916503906e+01
4.180660247802734375e+01 1.197741699218750000e+01
4.215060806274414062e+01 1.204112911224365234e+01
4.249461364746093750e+01 1.210518074035644531e+01
4.283862304687500000e+01 1.216957283020019531e+01
4.318262481689453125e+01 1.223430728912353516e+01
4.352663040161132812e+01 1.229938602447509766e+01
4.387063598632812500e+01 1.236481189727783203e+01
4.421463775634765625e+01 1.243058490753173828e+01
4.455864715576171875e+01 1.249670505523681641e+01
4.490265274047851562e+01 1.256317996978759766e+01
4.524665832519531250e+01 1.263000869750976562e+01
4.559066772460937500e+01 1.269719219207763672e+01
4.593466949462890625e+01 1.276473331451416016e+01
4.627867889404296875e+01 1.283263111114501953e+01
4.662268066406250000e+01 1.290089607238769531e+01
4.696668243408203125e+01 1.296951770782470703e+01
4.731069183349609375e+01 1.303850746154785156e+01
4.765469741821289062e+01 1.310786437988281250e+01
4.799871444702148438e+01 1.317759323120117188e+01
4.834271621704101562e+01 1.324768733978271484e+01
4.868672561645507812e+01 1.331815624237060547e+01
4.903073120117187500e+01 1.338900089263916016e+01
4.937474060058593750e+01 1.346022224426269531e+01
4.971873474121093750e+01 1.353182220458984375e+01
5.006274795532226562e+01 1.360380363464355469e+01
5.040674972534179688e+01 1.367616748809814453e+01
5.075075531005859375e+01 1.374891662597656250e+01
5.109476470947265625e+01 1.382205200195312500e+01
5.143876647949218750e+01 1.389557647705078125e+01
5.178277587890625000e+01 1.396948909759521484e+01
5.212677764892578125e+01 1.404379844665527344e+01
5.247078704833984375e+01 1.411850643157958984e+01
5.281478881835937500e+01 1.419360446929931641e+01
5.315879821777343750e+01 1.426910591125488281e+01
5.350279998779296875e+01 1.434500885009765625e+01
5.384680938720703125e+01 1.442131614685058594e+01
5.419081878662109375e+01 1.449802875518798828e+01
5.453482055664062500e+01 1.457514858245849609e+01
5.487882614135742188e+01 1.465267658233642578e+01
5.522283172607421875e+01 1.473061943054199219e+01
5.556684112548828125e+01 1.480897712707519531e+01
5.591084671020507812e+01 1.488775253295898438e+01
5.625484848022460938e+01 1.496694564819335938e+01
5.659886550903320312e+01 1.504656410217285156e+01
5.694286727905273438e+01 1.512659931182861328e+01
5.728687286376953125e+01 1.520706367492675781e+01
5.763088226318359375e+01 1.528795623779296875e+01
5.797488784790039062e+01 1.536927890777587891e+01
5.831888961791992188e+01 1.545103359222412109e+01
5.866289520263671875e+01 1.553322410583496094e+01
5.900690078735351562e+01 1.561585140228271484e+01
5.935091018676757812e+01 1.569891738891601562e+01
5.969490814208984375e+01 1.578242301940917969e+01
6.003891754150390625e+01 1.586637878417968750e+01
6.038291931152343750e+01 1.595077896118164062e+01
6.072693252563476562e+01 1.603562355041503906e+01
6.107094573974609375e+01 1.612092590332031250e+01
6.141493988037109375e+01 1.620667648315429688e+01
6.175895690917968750e+01 1.629289054870605469e+01
6.210295104980468750e+01 1.637955093383789062e+01
6.244696807861328125e+01 1.646668243408203125e+01
6.279096221923828125e+01 1.655427169799804688e+01
6.313497924804687500e+01 1.664233398437500000e+01
6.347897338867187500e+01 1.673085784912109375e+01
6.382298660278320312e+01 1.681986045837402344e+01
6.416698455810546875e+01 1.690932655334472656e+01
6.451099395751953125e+01 1.699927902221679688e+01
6.485500335693359375e+01 1.708970069885253906e+01
6.519901275634765625e+01 1.718060684204101562e+01
6.554301452636718750e+01 1.727199745178222656e+01
6.588703155517578125e+01 1.736387443542480469e+01
6.623102569580078125e+01 1.745623779296875000e+01
6.657503509521484375e+01 1.754909515380859375e+01
6.691903686523437500e+01 1.764244079589843750e+01
6.726304626464843750e+01 1.773629188537597656e+01
6.760704803466796875e+01 1.783063125610351562e+01
6.795105743408203125e+01 1.792548179626464844e+01
6.829505920410156250e+01 1.802083969116210938e+01
6.863907623291015625e+01 1.811669540405273438e+01
6.898307037353515625e+01 1.821306419372558594e+01
6.932707977294921875e+01 1.830994796752929688e+01
6.967109680175781250e+01 1.840734481811523438e+01
7.001509857177734375e+01 1.850526046752929688e+01
7.035910797119140625e+01 1.860370254516601562e+01
7.070310211181640625e+01 1.870265769958496094e+01
7.104711914062500000e+01 1.880213928222656250e+01
7.139112091064453125e+01 1.890215492248535156e+01
7.173513031005859375e+01 1.900270843505859375e+01
7.207912445068359375e+01 1.910378646850585938e+01
7.242313385009765625e+01 1.920541191101074219e+01
7.276714324951171875e+01 1.930756759643554688e+01
7.311115264892578125e+01 1.941027259826660156e+01
7.345514678955078125e+01 1.951352310180664062e+01
7.379917144775390625e+01 1.961732292175292969e+01
7.414315795898437500e+01 1.972167587280273438e+01
7.448717498779296875e+01 1.982658195495605469e+01
7.483117675781250000e+01 1.993204307556152344e+01
7.517518615722656250e+01 2.003806877136230469e+01
7.551918792724609375e+01 2.014465904235839844e+01
7.586319732666015625e+01 2.025181770324707031e+01
7.620719909667968750e+01 2.035954475402832031e+01
7.655121612548828125e+01 2.046784400939941406e+01
7.689521026611328125e+01 2.057671165466308594e+01
7.723921966552734375e+01 2.068617248535156250e+01
7.758321380615234375e+01 2.079620933532714844e+01
7.792723846435546875e+01 2.090683174133300781e+01
7.827124786376953125e+01 2.101805496215820312e+01
7.861524200439453125e+01 2.112984657287597656e+01
7.895925903320312500e+01 2.124225044250488281e+01
7.930325317382812500e+01 2.135523986816406250e+01
7.964727020263671875e+01 2.146884346008300781e+01
7.999126434326171875e+01 2.158303833007812500e+01
8.033527374267578125e+01 2.169785308837890625e+01
8.067928314208984375e+01 2.181326675415039062e+01
8.102329254150390625e+01 2.192930030822753906e+01
8.136728668212890625e+01 2.204594421386718750e+01
8.171129608154296875e+01 2.216322135925292969e+01
8.205530548095703125e+01 2.228111648559570312e+01
8.239931488037109375e+01 2.239963340759277344e+01
8.274331665039062500e+01 2.251878547668457031e+01
8.308732604980468750e+01 2.263857078552246094e+01
8.343132781982421875e+01 2.275899505615234375e+01
8.377534484863281250e+01 2.288006401062011719e+01
8.411933898925781250e+01 2.300176048278808594e+01
8.446335601806640625e+01 2.312411689758300781e+01
8.480735015869140625e+01 2.324712181091308594e+01
8.515135955810546875e+01 2.337078285217285156e+01
8.549536132812500000e+01 2.349510574340820312e+01
8.583937835693359375e+01 2.362008094787597656e+01
8.618337249755859375e+01 2.374573135375976562e+01
8.652738189697265625e+01 2.387204360961914062e+01
8.687139892578125000e+01 2.399902725219726562e+01
8.721539306640625000e+01 2.412668228149414062e+01
8.755941009521484375e+01 2.425502777099609375e+01
8.790340423583984375e+01 2.438404273986816406e+01
8.824742126464843750e+01 2.451375198364257812e+01
8.859142303466796875e+01 2.464414978027343750e+01
8.893543243408203125e+01 2.477524185180664062e+01
8.927942657470703125e+01 2.490703010559082031e+01
8.962345123291015625e+01 2.503952026367187500e+01
8.996743774414062500e+01 2.517271041870117188e+01
9.031145477294921875e+01 2.530661964416503906e+01
9.065544891357421875e+01 2.544122886657714844e+01
9.099946594238281250e+01 2.557656669616699219e+01
9.134346771240234375e+01 2.571260643005371094e+01
9.168747711181640625e+01 2.584939384460449219e+01
9.203147888183593750e+01 2.598689651489257812e+01
9.237548828125000000e+01 2.612513160705566406e+01
9.271949005126953125e+01 2.626409530639648438e+01
9.306350708007812500e+01 2.640380287170410156e+01
9.340750885009765625e+01 2.654426193237304688e+01
9.375151062011718750e+01 2.668545532226562500e+01
9.409550476074218750e+01 2.682739830017089844e+01
9.443952178955078125e+01 2.697010421752929688e+01
9.478351593017578125e+01 2.711356925964355469e+01
9.512753295898437500e+01 2.725779533386230469e+01
9.547154998779296875e+01 2.740280342102050781e+01
9.581555175781250000e+01 2.754855728149414062e+01
9.615955352783203125e+01 2.769510459899902344e+01
9.650355529785156250e+01 2.784241867065429688e+01
9.684757995605468750e+01 2.799052429199218750e+01
9.719156646728515625e+01 2.813941001892089844e+01
9.753558349609375000e+01 2.828910064697265625e+01
9.787958526611328125e+01 2.843957519531250000e+01
9.822359466552734375e+01 2.859085655212402344e+01
9.856759643554687500e+01 2.874294281005859375e+01
9.891161346435546875e+01 2.889584350585937500e+01
9.925560760498046875e+01 2.904955101013183594e+01
9.959961700439453125e+01 2.920407867431640625e+01
9.994361877441406250e+01 2.935941123962402344e+01
1.002876281738281250e+02 2.951559257507324219e+01
1.006316299438476562e+02 2.967260551452636719e+01
1.009756393432617188e+02 2.983043098449707031e+01
1.013196411132812500e+02 2.998911094665527344e+01
1.016636428833007812e+02 3.014864158630371094e+01
1.020076522827148438e+02 3.030900573730468750e+01
1.023516616821289062e+02 3.047023200988769531e+01
1.026956634521484375e+02 3.063229942321777344e+01
1.030396804809570312e+02 3.079525947570800781e+01
1.033836746215820312e+02 3.095906448364257812e+01
1.037276840209960938e+02 3.112375450134277344e+01
1.040717010498046875e+02 3.128931427001953125e+01
1.044156951904296875e+02 3.145574760437011719e+01
1.047597122192382812e+02 3.162307929992675781e+01
1.051036987304687500e+02 3.179129600524902344e+01
1.054477157592773438e+02 3.196040534973144531e+01
1.057917251586914062e+02 3.213041687011718750e+01
1.061357345581054688e+02 3.230132293701171875e+01
1.064797363281250000e+02 3.247315216064453125e+01
1.068237457275390625e+02 3.264588928222656250e+01
1.071677474975585938e+02 3.281953048706054688e+01
1.075117568969726562e+02 3.299411773681640625e+01
1.078557586669921875e+02 3.316962814331054688e+01
1.081997680664062500e+02 3.334606933593750000e+01
1.085437698364257812e+02 3.352344131469726562e+01
1.088877792358398438e+02 3.370177459716796875e+01
1.092317810058593750e+02 3.388104629516601562e+01
1.095757980346679688e+02 3.406126403808593750e+01
1.099197921752929688e+02 3.424244308471679688e+01
1.102638015747070312e+02 3.442459869384765625e+01
1.106078033447265625e+02 3.460771560668945312e+01
1.109518203735351562e+02 3.479180908203125000e+01
1.112958145141601562e+02 3.497687149047851562e+01
1.116398315429687500e+02 3.516293334960937500e+01
1.119838256835937500e+02 3.534997940063476562e+01
1.123278350830078125e+02 3.553802108764648438e+01
1.126718521118164062e+02 3.572706222534179688e+01
1.130158462524414062e+02 3.591709899902343750e+01
1.133598709106445312e+02 3.610816574096679688e+01
1.137038497924804688e+02 3.630023956298828125e+01
1.140478744506835938e+02 3.649332427978515625e+01
1.143918685913085938e+02 3.668745422363281250e+01
1.147358856201171875e+02 3.688260269165039062e+01
1.150798721313476562e+02 3.707878494262695312e+01
1.154238967895507812e+02 3.727603149414062500e+01
1.157679061889648438e+02 3.747431564331054688e+01
1.161119003295898438e+02 3.767366409301757812e+01
1.164559020996093750e+02 3.787405776977539062e+01
1.167999191284179688e+02 3.807551574707031250e+01
1.171439132690429688e+02 3.827805328369140625e+01
1.174879379272460938e+02 3.848167800903320312e+01
1.178319320678710938e+02 3.868636703491210938e+01
1.181759414672851562e+02 3.889216613769531250e+01
1.185199432373046875e+02 3.909903717041015625e+01
1.188639450073242188e+02 3.930701065063476562e+01
1.192079467773437500e+02 3.951610183715820312e+01
1.195519714355468750e+02 3.972631072998046875e+01
1.198959579467773438e+02 3.993762207031250000e+01
1.202399826049804688e+02 4.015007400512695312e+01
1.205839767456054688e+02 4.036365890502929688e+01
1.209279861450195312e+02 4.057836151123046875e+01
1.212719955444335938e+02 4.079420089721679688e+01
1.216160049438476562e+02 4.101121139526367188e+01
1.219600143432617188e+02 4.122935485839843750e+01
1.223040237426757812e+02 4.144868087768554688e+01
1.226480255126953125e+02 4.166916275024414062e+01
1.229920196533203125e+02 4.189080810546875000e+01
1.233360519409179688e+02 4.211365127563476562e+01
1.236800308227539062e+02 4.233765029907226562e+01
1.240240554809570312e+02 4.256287002563476562e+01
1.243680343627929688e+02 4.278927993774414062e+01
1.247120590209960938e+02 4.301688003540039062e+01
1.250560607910156250e+02 4.324570465087890625e+01
1.254000778198242188e+02 4.347574615478515625e+01
1.257440643310546875e+02 4.370700836181640625e+01
1.260880813598632812e+02 4.393949508666992188e+01
1.264320831298828125e+02 4.417322540283203125e+01
1.267760925292968750e+02 4.440822219848632812e+01
1.271200942993164062e+02 4.464443588256835938e+01
1.274641036987304688e+02 4.488191604614257812e+01
1.278081054687500000e+02 4.512065887451171875e+01
1.281521148681640625e+02 4.536068344116210938e+01
1.284961090087890625e+02 4.560195541381835938e+01
1.288401184082031250e+02 4.584452819824218750e+01
1.291841125488281250e+02 4.608839416503906250e+01
1.295281372070312500e+02 4.633356857299804688e+01
