-9.804871490206036810e+01 1.763246022711781507e+02
-9.781991649355207130e+01 1.753618643405658588e+02
-9.759112010839034212e+01 1.744022312962209753e+02
-9.736229834459265930e+01 1.734455095081889908e+02
-9.713347981783807938e+01 1.724916028950136138e+02
-9.690463432856968495e+01 1.715407039199869814e+02
-9.667579417131385355e+01 1.705928463925584140e+02
-9.644693855013166228e+01 1.696477727444169830e+02
-9.621808645598741805e+01 1.687057899759043664e+02
-9.598921876284541099e+01 1.677667842904777729e+02
-9.576036038418205010e+01 1.668309214977918771e+02
-9.553149183896123020e+01 1.658980447472711148e+02
-9.530262449731631591e+01 1.649682568171846810e+02
-9.507374907707681189e+01 1.640417000608555895e+02
-9.484487911068663379e+01 1.631182585572168762e+02
-9.461598089218139762e+01 1.621978519281593094e+02
-9.438708218360433477e+01 1.612804561877186131e+02
-9.415816672850628777e+01 1.603660992786374209e+02
-9.392925479772139852e+01 1.594549138328555955e+02
-9.370031708036150064e+01 1.585463312842707069e+02
-9.347138847117521721e+01 1.576407468816083792e+02
-9.324244121317960321e+01 1.567382060530925116e+02
-9.301349750012767004e+01 1.558389750098663171e+02
-9.278453614487939660e+01 1.549426791698126351e+02
-9.255558059964860718e+01 1.540492177840257284e+02
-9.232660107126041282e+01 1.531587103635060600e+02
-9.209761657753769271e+01 1.522712415385064446e+02
-9.186863617021209905e+01 1.513864824070566328e+02
-9.163963147299629952e+01 1.505044766770758713e+02
-9.141063394507582984e+01 1.496255249446643631e+02
-9.118161299374638418e+01 1.487494958450772913e+02
-9.095259703266377471e+01 1.478765281664378222e+02
-9.072355579259443914e+01 1.470062374853618508e+02
-9.049451026877578386e+01 1.461388809188482014e+02
-9.026544403737905498e+01 1.452743641086120761e+02
-9.003638002784884975e+01 1.444127866705719896e+02
-8.980729808145639481e+01 1.435542559461659664e+02
-8.957822147447235750e+01 1.426988704121614262e+02
-8.934912062275166988e+01 1.418464021699776367e+02
-8.912000794624795219e+01 1.409968006683582757e+02
-8.889087340024052253e+01 1.401500563930152339e+02
-8.866174337503861125e+01 1.393065602120017275e+02
-8.843258304323468622e+01 1.384659065958544488e+02
-8.820342147282191547e+01 1.376280664818090713e+02
-8.797423539687176230e+01 1.367929794996603050e+02
-8.774504631548511213e+01 1.359607225424149988e+02
-8.751582038606916569e+01 1.351310355638506451e+02
-8.728660537602949887e+01 1.343044392681412944e+02
-8.705737051944343818e+01 1.334809835427336395e+02
-8.682812919149593256e+01 1.326604580512064331e+02
-8.659886641950024000e+01 1.318430000008553407e+02
-8.636958256702034475e+01 1.310284084345393580e+02
-8.614030928436591239e+01 1.302170463779003740e+02
-8.591101584142568015e+01 1.294086975085770632e+02
-8.568172357131024341e+01 1.286034220062996383e+02
-8.545239880931620746e+01 1.278008824479741321e+02
-8.522304907623602332e+01 1.270009857162680191e+02
-8.499366844449724567e+01 1.262038972330339561e+02
-8.476428497548006646e+01 1.254096200943703110e+02
-8.453486872147540510e+01 1.246178293722361587e+02
-8.430545479326832492e+01 1.238286696808503393e+02
-8.407601810377471452e+01 1.230423179651164389e+02
-8.384657063231176721e+01 1.222586930008011024e+02
-8.361709294533243053e+01 1.214776220673029314e+02
-8.338761203181987014e+01 1.206993782804503184e+02
-8.315810605847106274e+01 1.199240111436628524e+02
-8.292856582213421746e+01 1.191515411849046870e+02
-8.269897867669864411e+01 1.183815297312391124e+02
-8.246938082052736263e+01 1.176145313669877055e+02
-8.223976578615149435e+01 1.168505386922151956e+02
-8.201015906236609965e+01 1.160896112537398182e+02
-8.178051719198421665e+01 1.153311825233983114e+02
-8.155087514721617481e+01 1.145758618610638706e+02
-8.132119118048220230e+01 1.138231846620455769e+02
-8.109150952475411600e+01 1.130733859547047189e+02
-8.086179760679907247e+01 1.123261633274963458e+02
-8.063206481738966147e+01 1.115818413043788553e+02
-8.040232531528083371e+01 1.108405227569250542e+02
-8.017254354866183519e+01 1.101018549327351792e+02
-7.994273267395642790e+01 1.093656742023760557e+02
-7.971288200028088511e+01 1.086320026217867962e+02
-7.948300080163137693e+01 1.079010764935541005e+02
-7.925310341971261607e+01 1.071730458922328069e+02
-7.902318934226522629e+01 1.064478590043684818e+02
-7.879323758495097252e+01 1.057253237481724284e+02
-7.856328105692961117e+01 1.050055063656813701e+02
-7.833328349561107018e+01 1.042884052346743431e+02
-7.810328303784740456e+01 1.035741918242388522e+02
-7.787327018504240073e+01 1.028630978122226907e+02
-7.764325437117595641e+01 1.021549435013862137e+02
-7.741320330756050794e+01 1.014493086116689540e+02
-7.718313431331090158e+01 1.007464621259927640e+02
-7.695303811910200409e+01 1.000461641603275922e+02
-7.672294321799765271e+01 9.934872416338612311e+01
-7.649280042259060508e+01 9.865347054632464108e+01
-7.626263712318575472e+01 9.796045559167613703e+01
-7.603244999788245195e+01 9.727014184335993718e+01
-7.580224817470627841e+01 9.658253382693362710e+01
-7.557202671829534779e+01 9.589781649585381729e+01
-7.534179822727125497e+01 9.521586396384935824e+01
-7.511151562982675500e+01 9.453657978175547782e+01
-7.488117475081463681e+01 9.385988083630383016e+01
-7.465081141024219846e+01 9.318624154555476480e+01
-7.442038902477342788e+01 9.251508762037690303e+01
-7.418993029847436560e+01 9.184687696370318122e+01
-7.395944947417901005e+01 9.118144733152453796e+01
-7.372894637283013708e+01 9.051894766105111501e+01
-7.349841066749728213e+01 8.985947808389681768e+01
-7.326784604675916057e+01 8.920266142437363044e+01
-7.303723369053432179e+01 8.854859576776991048e+01
-7.280661058815158526e+01 8.789744327548076797e+01
-7.257595777939776838e+01 8.724904873137428751e+01
-7.234529884338378736e+01 8.660357768393292588e+01
-7.211461056923380397e+01 8.596104680499122708e+01
-7.188390149719860744e+01 8.532123381999906542e+01
-7.165315417309196278e+01 8.468402484996703095e+01
-7.142238133683495960e+01 8.405009522785793763e+01
-7.119157827338393929e+01 8.341907289944124670e+01
-7.096075748638230607e+01 8.279070755276974580e+01
-7.072991396261721775e+01 8.216510151926449623e+01
-7.049906428590112739e+01 8.154223851317800609e+01
-7.026818439483642464e+01 8.092211207856850308e+01
-7.003728574636031112e+01 8.030471173492608727e+01
-6.980634489448702595e+01 7.968998073434048024e+01
-6.957540176547303190e+01 7.907827612016558305e+01
-6.934442468721039177e+01 7.846937445243034404e+01
-6.911340300268057035e+01 7.786346288027263540e+01
-6.888236836102544203e+01 7.726063243877197806e+01
-6.865127687687775904e+01 7.666064600866239687e+01
-6.842015880857195498e+01 7.606378197763127957e+01
-6.818899587280895958e+01 7.546971678361447289e+01
-6.795780448563245102e+01 7.487809256294278271e+01
-6.772656567554084006e+01 7.428886984084608969e+01
-6.749530250393614494e+01 7.370211677106831871e+01
-6.726400404015366519e+01 7.311824895641177591e+01
-6.703269961065176119e+01 7.253735005338309350e+01
-6.680136765966609858e+01 7.195927884871944968e+01
-6.657002704036479201e+01 7.138340497891176994e+01
-6.633863891017679748e+01 7.081003475817253445e+01
-6.610719654472507045e+01 7.023940962773356489e+01
-6.587569907519282708e+01 6.967115334101909241e+01
-6.564419431919954206e+01 6.910565609485659877e+01
-6.541264667199583016e+01 6.854277832414106797e+01
-6.518109091116457421e+01 6.798278851272436896e+01
-6.494948627238370875e+01 6.742537578152192168e+01
-6.471785701946336644e+01 6.687067358698978126e+01
-6.448618461453185091e+01 6.631883099053962383e+01
-6.425449144051999895e+01 6.577001590130494435e+01
-6.402277096067156492e+01 6.522397414494717793e+01
-6.379101148293943169e+01 6.468049915716028408e+01
-6.355917570230911906e+01 6.413980361393073792e+01
-6.332730595413519126e+01 6.360208222908747189e+01
-6.309542596466687314e+01 6.306703057675128576e+01
-6.286349604626091292e+01 6.253464058628544819e+01
-6.263152984580214877e+01 6.200504511169618382e+01
-6.239951412434480460e+01 6.147830589127537593e+01
-6.216746410914829823e+01 6.095428452452084400e+01
-6.193535293034144473e+01 6.043302613401603196e+01
-6.170319169764616163e+01 5.991422709514755240e+01
-6.147099251416264565e+01 5.939855019864487673e+01
-6.123877353240032306e+01 5.888595624322710620e+01
-6.100651633827053644e+01 5.837618896946035107e+01
-6.077423202981754002e+01 5.786917069999815766e+01
-6.054187047997299231e+01 5.736460609517771303e+01
-6.030946253834938631e+01 5.686268849107192125e+01
-6.007699760981968495e+01 5.636346602265174255e+01
-5.984449612714806221e+01 5.586720588040877544e+01
-5.961194535790657767e+01 5.537397700516929433e+01
-5.937938207558223525e+01 5.488383750396157268e+01
-5.914676633416389961e+01 5.439598641747015506e+01
-5.891412111253154649e+01 5.391082833684536268e+01
-5.868142753338327111e+01 5.342829192665158189e+01
-5.844867993500768222e+01 5.294863132193390243e+01
-5.821589823246002027e+01 5.247174073016441298e+01
-5.798308394188783410e+01 5.199775594424227165e+01
-5.775021675742402039e+01 5.152655497296849774e+01
-5.751732463885326752e+01 5.105828140209404609e+01
-5.728440772708581363e+01 5.059296584190588675e+01
-5.705143504133030063e+01 5.013045405470973748e+01
-5.681845604458633403e+01 4.967082472185759912e+01
-5.658545510399098077e+01 4.921431579767267550e+01
-5.635241064470641703e+01 4.876060901971133887e+01
-5.611931144373757263e+01 4.830976397369161646e+01
-5.588620020078153061e+01 4.786190467854571295e+01
-5.565301954707320675e+01 4.741712684084818363e+01
-5.541981268639467118e+01 4.697572911692708431e+01
-5.518655030318669219e+01 4.653737124039071915e+01
-5.495326627663203567e+01 4.610182525773634410e+01
-5.471995858571967375e+01 4.566931008415934912e+01
-5.448663171583292097e+01 4.523973255081362055e+01
-5.425325668033288196e+01 4.481286737091816974e+01
-5.401987033980233122e+01 4.438890211931840213e+01
-5.378643982984581839e+01 4.396773015383080718e+01
-5.355299596455632383e+01 4.354959862554746763e+01
-5.331950466895590068e+01 4.313449383412563520e+01
-5.308600123697397777e+01 4.272246179326188553e+01
-5.285244985833460163e+01 4.231321500335295127e+01
-5.261885131621847478e+01 4.190659581044980087e+01
-5.238515856392529457e+01 4.150248772205200254e+01
-5.215143570997277322e+01 4.110167150938258374e+01
-5.191767855157657863e+01 4.070365149405016325e+01
-5.168391141560612567e+01 4.030836390039437589e+01
-5.145011250729463370e+01 3.991608553820359617e+01
-5.121629034820868043e+01 3.952664208171985649e+01
-5.098243648606903378e+01 3.913992552247745493e+01
-5.074855265558982609e+01 3.875633441014431213e+01
-5.051461462273889680e+01 3.837557903463802234e+01
-5.028063863832123559e+01 3.799764186970635649e+01
-5.004663218361990573e+01 3.762237226633438070e+01
-4.981260575002553281e+01 3.724976150543762543e+01
-4.957857491610001688e+01 3.687990849153859330e+01
-4.934452560522118603e+01 3.651280453786990421e+01
-4.911045629832209158e+01 3.614854027964656069e+01
-4.887633386592475659e+01 3.578753268372767593e+01
-4.864219340655268553e+01 3.542943966550191703e+01
-4.840805326870509617e+01 3.507411622765144443e+01
-4.817388169171859147e+01 3.472136877961522572e+01
-4.793965253791030534e+01 3.437143369304809681e+01
-4.770539392023670189e+01 3.402432056470131982e+01
-4.747111068063852457e+01 3.368034044917814640e+01
-4.723678056055185692e+01 3.333935758889435874e+01
-4.700240939043005994e+01 3.300099032044947478e+01
-4.676803283652481014e+01 3.266523607098087467e+01
-4.653361089395016847e+01 3.233221602296906383e+01
-4.629915353074365925e+01 3.200228730099016161e+01
-4.606465802640330764e+01 3.167513480472788245e+01
-4.583015564957443644e+01 3.135076073858808599e+01
-4.559562748986847680e+01 3.102884561589957357e+01
-4.536108407682301902e+01 3.070957156032758206e+01
-4.512650029980406430e+01 3.039320180071978683e+01
-4.489188779071885449e+01 3.007981918723633896e+01
-4.465725419472674673e+01 2.976940496623342369e+01
-4.442260597034376701e+01 2.946208917970858820e+01
-4.418791687653989442e+01 2.915793139838868697e+01
-4.395321910099107043e+01 2.885646038254974499e+01
-4.371847544261387242e+01 2.855743907259313374e+01
-4.348370980885564308e+01 2.826118764520483495e+01
-4.324894932182467500e+01 2.796782836989278564e+01
-4.301418430503533585e+01 2.767716378673283373e+01
-4.277941153020275067e+01 2.738931576709021698e+01
-4.254464107766443703e+01 2.710429935372011201e+01
-4.230986690715867837e+01 2.682217130800609795e+01
-4.207506339559749620e+01 2.654285182456186121e+01
-4.184022434818501068e+01 2.626637225635395367e+01
-4.160537441973783501e+01 2.599250005255832363e+01
-4.137046928833942161e+01 2.572108475518643900e+01
-4.113552913373830222e+01 2.545224269616126023e+01
-4.090059096900784397e+01 2.518614366650847813e+01
-4.066566032409667741e+01 2.492300788476297058e+01
-4.043073349466128974e+01 2.466261140664390084e+01
-4.019582070447960831e+01 2.440496723272768520e+01
-3.996090529286131243e+01 2.414979732698207826e+01
-3.972597888090172802e+01 2.389702952278651082e+01
-3.949106326375688525e+01 2.364693974203118287e+01
-3.925611991356830544e+01 2.339954249425425559e+01
-3.902116012145062030e+01 2.315489425776676669e+01
-3.878620951691452490e+01 2.291297242115768995e+01
-3.855127300875527396e+01 2.267393023906496197e+01
-3.831632587500980947e+01 2.243760535230108033e+01
-3.808139302010438598e+01 2.220390335874155952e+01
-3.784646493269472955e+01 2.197288057050036514e+01
-3.761154079563763730e+01 2.174450001264936461e+01
-3.737662348095251730e+01 2.151889892193506171e+01
-3.714173278506921605e+01 2.129595712336898572e+01
-3.690686543503586137e+01 2.107567122130380000e+01
-3.667199556808082406e+01 2.085825886384751371e+01
-3.643711343113256618e+01 2.064370875373289138e+01
-3.620224588812614286e+01 2.043201794110574809e+01
-3.596736182971876161e+01 2.022282190386225409e+01
-3.573247508000354600e+01 2.001610579896547293e+01
-3.549759319217837827e+01 1.981214808633945523e+01
-3.526270332209917768e+01 1.961079706218714946e+01
-3.502781803393850169e+01 1.941190047298395172e+01
-3.479293302720906667e+01 1.921551585604758472e+01
-3.455806129601536725e+01 1.902191503337413536e+01
-3.432320915037271902e+01 1.883099328547555018e+01
-3.408837285333750344e+01 1.864267587567344719e+01
-3.385353620704339761e+01 1.845705454507097798e+01
-3.361872210434504638e+01 1.827417320800028833e+01
-3.338392296216925814e+01 1.809382675939796670e+01
-3.314914833905745439e+01 1.791614711817762995e+01
-3.291438447971733439e+01 1.774105875281425782e+01
-3.267964203026829750e+01 1.756865924899821607e+01
-3.244492364289808961e+01 1.739874362670004970e+01
-3.221022811840991551e+01 1.723146401175536369e+01
-3.197558717075659374e+01 1.706674685188209395e+01
-3.174100141982642853e+01 1.690462875406467091e+01
-3.150645928353679537e+01 1.674512608426506688e+01
-3.127197126476132283e+01 1.658824935489800012e+01
-3.103755548759382421e+01 1.643390635685753765e+01
-3.080318415680710231e+01 1.628209912193818099e+01
-3.056888954911913103e+01 1.613287471273709173e+01
-3.033469604638158046e+01 1.598789093338547751e+01
-3.010058930956587631e+01 1.584604788843140533e+01
-2.986653691257749443e+01 1.570663357269542715e+01
-2.963253589975590785e+01 1.556970568209332839e+01
-2.939858948498356028e+01 1.543536386005720473e+01
-2.916470058484953398e+01 1.530352507503671511e+01
-2.893086696259829438e+01 1.517411598896764424e+01
-2.869710450128633283e+01 1.504702378243489846e+01
-2.846341116238613367e+01 1.492248041975915207e+01
-2.822978551022860572e+01 1.480045930336050652e+01
-2.799622158921494730e+01 1.468100163996114205e+01
-2.776274087978869076e+01 1.456408509759050141e+01
-2.752934472157030754e+01 1.444941386151976737e+01
-2.729602016132704989e+01 1.433710828354180045e+01
-2.706276031343304211e+01 1.422748311691937850e+01
-2.682957991517319840e+01 1.412029119077771355e+01
-2.659646967727310951e+01 1.401540682748561650e+01
-2.636343309280823632e+01 1.391295923744214313e+01
-2.613052206540594469e+01 1.381346528398464457e+01
-2.589772044011524699e+01 1.371623685186424701e+01
-2.566499874927559688e+01 1.362150640100454169e+01
-2.543233979687398971e+01 1.352932818918699098e+01
-2.519980464317360713e+01 1.343961638705112627e+01
-2.496739731764306924e+01 1.335256459927373918e+01
-2.473511660356910724e+01 1.326816017620728871e+01
-2.450296009545423459e+01 1.318619181639425975e+01
-2.427094102085852967e+01 1.310648342028038016e+01
-2.403903508950252998e+01 1.302915755269689235e+01
-2.380722412367256169e+01 1.295428116283319753e+01
-2.357555885845301091e+01 1.288170221458252485e+01
-2.334400531705544779e+01 1.281137649386335298e+01
-2.311256610203762563e+01 1.274339329540473820e+01
-2.288125195663802458e+01 1.267763680366872414e+01
-2.265008609766862691e+01 1.261340141508466672e+01
-2.241911425624574861e+01 1.255112786888804877e+01
-2.218830296414239100e+01 1.249109944727568511e+01
-2.195761783225195884e+01 1.243353982827393800e+01
-2.172705552193583145e+01 1.237819788910874585e+01
-2.149667248127411767e+01 1.232428564820999561e+01
-2.126642916708576436e+01 1.227259479055321911e+01
-2.103637686632117365e+01 1.222193539621911995e+01
-2.080651670339156212e+01 1.217113559649598464e+01
-2.057682493102793941e+01 1.212260880538065244e+01
-2.034737694098025074e+01 1.207634202713136773e+01
-2.011821882963180386e+01 1.203182550321189126e+01
-1.988932842502788745e+01 1.198943421209665772e+01
-1.966071617520585235e+01 1.194947501849057758e+01
-1.943240750405253081e+01 1.191163488260548498e+01
-1.920432671809683001e+01 1.187563297245356786e+01
-1.897646062422771962e+01 1.184188460154734379e+01
-1.874887329695176064e+01 1.180953324408650751e+01
-1.852164340496063133e+01 1.177739976715159109e+01
-1.829475217391033581e+01 1.174565910668194846e+01
-1.806813376149352735e+01 1.171584411203417098e+01
-1.784195225628054970e+01 1.168733133699583249e+01
-1.761617090327399282e+01 1.166048819967182837e+01
-1.739091235574410987e+01 1.163383963101629881e+01
-1.716629242687809054e+01 1.160727325106199714e+01
-1.694224486389938633e+01 1.158177926909145583e+01
-1.671871956591703423e+01 1.155813114893966720e+01
-1.649595094126097905e+01 1.153494333359447310e+01
-1.627401462029437695e+01 1.150980372180872813e+01
-1.605293058195892542e+01 1.148540764297301742e+01
-1.583275331064146307e+01 1.146106341642443205e+01
-1.561365521503954490e+01 1.143629958294994431e+01
-1.539596463762983980e+01 1.140924236466944564e+01
-1.517979749703893866e+01 1.137854920838636019e+01
-1.496542226441052570e+01 1.134395844007262788e+01
-1.475292548904613632e+01 1.130737574369806531e+01
-1.454246784696773531e+01 1.126680874111493047e+01
-1.433418289958214231e+01 1.122179458693744358e+01
-1.412803465721558638e+01 1.117381265544222657e+01
-1.392431544542312594e+01 1.112182316546676297e+01
-1.372322269892205959e+01 1.106488362170712492e+01
-1.352493993919722826e+01 1.100335251060531405e+01
-1.332985082081385997e+01 1.093755699185965469e+01
-1.313769152869983614e+01 1.086814745935718207e+01
-1.294860885590923161e+01 1.079419652929971107e+01
-1.276276712485722165e+01 1.071467417493916408e+01
-1.258046044802179075e+01 1.062976029907555997e+01
-1.240178739211997261e+01 1.054032757840925072e+01
-1.222664656507725667e+01 1.044786831464285903e+01
-1.205510642927520060e+01 1.035161785188436845e+01
-1.188750140817797885e+01 1.025017764953060784e+01
-1.172393296757522840e+01 1.014363896728713677e+01
-1.156443793905024542e+01 1.003348481120201896e+01
-1.140912065038875589e+01 9.919538621470801232e+00
-1.125798098160296057e+01 9.800031328361173522e+00
-1.111088967936379568e+01 9.677830245465491643e+00
-1.096764978228783072e+01 9.553539904256574289e+00
-1.082763408111066283e+01 9.430574994005736400e+00
-1.069051854196859885e+01 9.309312779793094350e+00
-1.055633946014910407e+01 9.189766590014892600e+00
-1.042486448672353028e+01 9.071918055327790498e+00
-1.029589412572432572e+01 8.956374122084332257e+00
-1.016945222635658475e+01 8.842128595678893532e+00
-1.004508913672700210e+01 8.729749462088243206e+00
-9.922480906613019513e+00 8.620430096713137758e+00
-9.801380029405866168e+00 8.513559231933410132e+00
-9.681930845075724434e+00 8.409506758276815930e+00
-9.563913096992337159e+00 8.307931868326159375e+00
-9.447182085903323312e+00 8.208001489629603853e+00
-9.331986770240627393e+00 8.109656966926133137e+00
-9.217937103144976163e+00 8.013971902803506353e+00
-9.104978080477033942e+00 7.920712293668197290e+00
-8.993212265627724022e+00 7.829188279326997346e+00
-8.882477444531966526e+00 7.739827286138140749e+00
-8.772822232830280953e+00 7.653491908053891457e+00
-8.664213836533683377e+00 7.569094828335179770e+00
-8.556512523962526373e+00 7.486905768945035788e+00
-8.449658234070758667e+00 7.406104930587720681e+00
-8.343625680086564245e+00 7.326619719834053690e+00
-8.238308249444378006e+00 7.248695263950349243e+00
-8.133740593073319758e+00 7.172047199543964524e+00
-8.029861063957214995e+00 7.097092862855917339e+00
-7.926852832716338781e+00 7.023782832413495214e+00
-7.824659561186420476e+00 6.951542775947141983e+00
-7.723107253580677067e+00 6.880230479262266385e+00
-7.622202256796311026e+00 6.810104542319541210e+00
-7.521957408116787924e+00 6.741172769967468170e+00
-7.422405869474216544e+00 6.673769914337110976e+00
-7.323574695684471614e+00 6.607241591681821902e+00
-7.225474233286721670e+00 6.541493583265266309e+00
-7.128045821530478499e+00 6.476633104208080027e+00
-7.031406487737383415e+00 6.411893584839313931e+00
-6.935487073830195470e+00 6.347356449326396088e+00
-6.840176588272561808e+00 6.283373909922236322e+00
-6.745478639602660920e+00 6.220040809651075975e+00
-6.651485548895232469e+00 6.157333041952308683e+00
-6.558210835846103315e+00 6.095294558598770784e+00
-6.465696352793245616e+00 6.033348915643751198e+00
-6.373836086720836569e+00 5.971868245733060299e+00
-6.282598901768119859e+00 5.910899564010224871e+00
-6.191866209896243589e+00 5.850545957385485885e+00
-6.101725823052075448e+00 5.790629221222861389e+00
-6.012102807176356478e+00 5.731230041208331016e+00
-5.922994437874580242e+00 5.672478800297081847e+00
-5.834393544172754353e+00 5.614339821385245344e+00
-5.746277433633804499e+00 5.556918215878390299e+00
-5.658711080405177007e+00 5.499986708785913336e+00
-5.571764391198450461e+00 5.443488417756308984e+00
-5.485330331130903403e+00 5.387648888852343276e+00
-5.399378402792677889e+00 5.332224565292724705e+00
-5.313897714833824004e+00 5.277204492490883858e+00
-5.228884923020187259e+00 5.222466671839056218e+00
-5.144344094042875071e+00 5.168430791833284133e+00
-5.060273399280042383e+00 5.114579133200050975e+00
-4.976672394129694865e+00 5.061218539371540537e+00
-4.893565731316196654e+00 5.008099928284191371e+00
-4.810948296761026199e+00 4.955433352118177481e+00
-4.728919931187921755e+00 4.902971787580528762e+00
-4.647304653878114422e+00 4.851080931392486306e+00
-4.566073956927474420e+00 4.799949011049858605e+00
-4.485203754512631313e+00 4.749434149550947559e+00
-4.404757302683226960e+00 4.699231060081602962e+00
-4.324751294972945637e+00 4.649132328245279666e+00
-4.245135599532906312e+00 4.599651202553387108e+00
-4.165991553244541734e+00 4.550436011305854400e+00
-4.087235536079625753e+00 4.501427586095737787e+00
-4.008886071677719265e+00 4.452684559127878750e+00
-3.930985425604241357e+00 4.404151508454544839e+00
-3.853578785952864738e+00 4.355859833914734303e+00
-3.776608891721282557e+00 4.307758501398073037e+00
-3.700067918036057169e+00 4.260126851277012072e+00
-3.624018995691927092e+00 4.212857403193818406e+00
-3.548500365292539538e+00 4.165825563219892835e+00
-3.473548721975209919e+00 4.118993605106276767e+00
-3.399168810515987627e+00 4.072581885747611707e+00
-3.325353571930710128e+00 4.026567823867327256e+00
-3.252067443472998587e+00 3.981118010934147744e+00
-3.179289036332344498e+00 3.936393691637567915e+00
-3.107110284177624582e+00 3.892264760364732901e+00
-3.035495142808982472e+00 3.848561172905472727e+00
-2.964401234759360015e+00 3.805304444918486517e+00
-2.893783802785435455e+00 3.762413929550095126e+00
-2.823722200387594583e+00 3.719996639353869483e+00
-2.754108004779840080e+00 3.678094912639019665e+00
-2.684927443056082108e+00 3.636698485936030512e+00
-2.616175589958319669e+00 3.595648055333731996e+00
-2.547847201114102234e+00 3.555141436788473719e+00
-2.479981719632537995e+00 3.515162269947930351e+00
-2.412516476951767519e+00 3.475729218172743717e+00
-2.345472264139323748e+00 3.436589409606299661e+00
-2.278961454550830545e+00 3.397701993598550185e+00
-2.212903982288375371e+00 3.359052909742636928e+00
-2.147298715047690543e+00 3.320673500546901913e+00
-2.082053929311508345e+00 3.282784564054563869e+00
-2.017153842315381862e+00 3.245051642249841439e+00
-1.952581760162601654e+00 3.207983308895825836e+00
-1.888292568779113445e+00 3.171650901656775989e+00
-1.824314974783634691e+00 3.135859793953514885e+00
-1.760679170750841793e+00 3.100714798541456929e+00
-1.697310717040482864e+00 3.066082511671131883e+00
-1.634126794449224818e+00 3.032053332019702729e+00
-1.571154635259691457e+00 2.998435803104503528e+00
-1.508455303592645347e+00 2.965435511591167028e+00
-1.446035073039559027e+00 2.933024059912719750e+00
-1.383877491052357467e+00 2.901203133335473527e+00
-1.321875019418645936e+00 2.870097100668468570e+00
-1.260095233684595861e+00 2.839736661715368093e+00
-1.198557648122006603e+00 2.810230535225275439e+00
-1.137087650950618034e+00 2.781754873727821042e+00
-1.075667751825851726e+00 2.754012041683117751e+00
-1.014494628355819383e+00 2.726801123489351220e+00
-9.534977281580165887e-01 2.700166210200533268e+00
-8.925577392778833996e-01 2.674223611755258911e+00
-8.317793855968178551e-01 2.648713336054349110e+00
-7.712981560780686197e-01 2.623610185906563697e+00
-7.113013537665259234e-01 2.598636612710083504e+00
-6.517845507695967378e-01 2.574128116393597843e+00
-5.927577027267947329e-01 2.550188259233944876e+00
-5.341795453018679529e-01 2.526651054202643465e+00
-4.760833659433588716e-01 2.503648180487442421e+00
-4.184613518922456477e-01 2.481402512755075396e+00
-3.613623485839640437e-01 2.459944863638999557e+00
-3.048942694619146132e-01 2.438667588282550813e+00
-2.492007758331541978e-01 2.417733940307688290e+00
-1.941881847214333989e-01 2.398130043749562734e+00
-1.399775919861787343e-01 2.379320821315340506e+00
-8.650300647759315287e-02 2.360988138846851658e+00
-3.385945800387737958e-02 2.343287746438494246e+00
1.770702749709313767e-02 2.325847053054248548e+00
6.820903683575441079e-02 2.308492025200363340e+00
1.174548011387185203e-01 2.291224118071937266e+00
1.654890055178987740e-01 2.273784183381918123e+00
2.123354332928298616e-01 2.256441406740597788e+00
2.579648489155331181e-01 2.238732184583485996e+00
3.022639753365394810e-01 2.220319519861299273e+00
3.450240427073167360e-01 2.201766352542894545e+00
3.861975785006521722e-01 2.183383861180664187e+00
4.256804972658960184e-01 2.164622139855535643e+00
4.633918713588191518e-01 2.145056986695780488e+00
4.993780558556318305e-01 2.125204794607900016e+00
5.337997517696753125e-01 2.104640679601295528e+00
5.668296380158589498e-01 2.083388009705481547e+00
5.986112234756654216e-01 2.061726393137513824e+00
6.291486011217443108e-01 2.039932260833716704e+00
6.585124188463906680e-01 2.017630562417304763e+00
6.866527170322987983e-01 1.994408812422475030e+00
7.135566214502465643e-01 1.970457704978630264e+00
7.390914430073937114e-01 1.946159831879168856e+00
7.639369153048919392e-01 1.922017446283811548e+00
7.880024334392985441e-01 1.897927890714028898e+00
8.110792024190328631e-01 1.873720977355281425e+00
8.328779465446666253e-01 1.849734978249684580e+00
8.535667036884293513e-01 1.826044211426103958e+00
8.731669301950201190e-01 1.802372132233592605e+00
8.918240244428113916e-01 1.778818830973547982e+00
9.094339964116866515e-01 1.756375840387459641e+00
9.258776006760189858e-01 1.735022278497866610e+00
9.411033710187338697e-01 1.714362886554418930e+00
9.551519358036469898e-01 1.694918367440846785e+00
9.679693742780660637e-01 1.676736285975817475e+00
9.795778803361997467e-01 1.659521050525399000e+00
9.899126123059160953e-01 1.643257284839886978e+00
9.988869960712535301e-01 1.628046087636882744e+00
1.006605473820652241e+00 1.613500959369988497e+00
1.012912738403799473e+00 1.599040104977253129e+00
1.017519474067554164e+00 1.585010022333058766e+00
1.020350197097476652e+00 1.570748438800948943e+00
1.021519958863452926e+00 1.556042181512127032e+00
1.021379635838829847e+00 1.540703278524703679e+00
1.019929603699366583e+00 1.524577743213346714e+00
1.017266878457549817e+00 1.507529564112168874e+00
1.013563288574164112e+00 1.489753955031065891e+00
1.008941480288548131e+00 1.471391287725128727e+00
1.003805915861561537e+00 1.452869646370065215e+00
9.980698201143923809e-01 1.434157256952619308e+00
9.919295182664479293e-01 1.415923437272897933e+00
9.855598348344922766e-01 1.397527921610428825e+00
9.790919592638253066e-01 1.379081662563504951e+00
9.727415158998753419e-01 1.360426500613111322e+00
9.665914091304400602e-01 1.341542196436092294e+00
9.605870197276223932e-01 1.322362711962589366e+00
9.548178546221889329e-01 1.303398163810101540e+00
9.490810895665567903e-01 1.284956391823851130e+00
9.434308436497741424e-01 1.266608134231879568e+00
9.379755124677808809e-01 1.248214334180149709e+00
9.326535173566365966e-01 1.229781290470951971e+00
9.275629393984468063e-01 1.211174157698983844e+00
9.224771057601486302e-01 1.192648858544158141e+00
9.171866233449200712e-01 1.174173371563354218e+00
9.117737370847287526e-01 1.155648101523187199e+00
9.061048390484434112e-01 1.137337953125840073e+00
9.000875502729750455e-01 1.119255110415347643e+00
8.937735960157398019e-01 1.101524440999428478e+00
8.871998998496148925e-01 1.084324281530192113e+00
8.803912755637904874e-01 1.067588929698569000e+00
8.732326870430641153e-01 1.051260860143861553e+00
8.657365973753740063e-01 1.035396006588070739e+00
8.578362679058609830e-01 1.019906108694653479e+00
8.495296033688497506e-01 1.004894411914371455e+00
8.407416838061596565e-01 9.902219876537332599e-01
8.315803080306826134e-01 9.758749184993749104e-01
8.219661086641860681e-01 9.616890697284594669e-01
8.118258362761413549e-01 9.480046832872881524e-01
8.011854867994481211e-01 9.347347986730402125e-01
7.900807291159064327e-01 9.217444163580787997e-01
7.785451882936972323e-01 9.091753342687766137e-01
7.665459631429034637e-01 8.968360390866432219e-01
7.540747645025959178e-01 8.849000292370124976e-01
7.411902011946147617e-01 8.734335353159784487e-01
7.278681226029080076e-01 8.623510286623669030e-01
7.141394219136968369e-01 8.517606573595182251e-01
6.999733973233674966e-01 8.416858076986414305e-01
6.854553105442651173e-01 8.320733313908410533e-01
6.706334834610473417e-01 8.228786631479872993e-01
6.553840318721320113e-01 8.139289884400705555e-01
6.397506920932507501e-01 8.053224984729515645e-01
6.237594762900654510e-01 7.971955332922682214e-01
6.074635568261146368e-01 7.895021204376243551e-01
5.908681408300692217e-01 7.821793640998672137e-01
5.740132147659148254e-01 7.752642689121206354e-01
5.569155492762826176e-01 7.687384741072347261e-01
5.395961547939448488e-01 7.625995703964835171e-01
5.222050512118302512e-01 7.565839541186432093e-01
5.048177257402590712e-01 7.507766428296377414e-01
4.874307450950525755e-01 7.452174877177578649e-01
4.699693148894881767e-01 7.400113340983108801e-01
4.526097936996695825e-01 7.350811790685206626e-01
4.354694017349761137e-01 7.305452551138545969e-01
4.184828539215484366e-01 7.262244389595610139e-01
4.017082303161828016e-01 7.221812213362515109e-01
3.850966955276624026e-01 7.185207641265973777e-01
3.686961776987478512e-01 7.154380289543664784e-01
3.525484517353529856e-01 7.127591018465284645e-01
3.367279381837163799e-01 7.104655599323819182e-01
3.213082928468986577e-01 7.084862661422425267e-01
3.063808168501270246e-01 7.066626449257791265e-01
2.919509114081762502e-01 7.051536496873650472e-01
2.781641365762572149e-01 7.039725770277324157e-01
2.649031980632214900e-01 7.031940021018333598e-01
2.520428691735985272e-01 7.030336676943496066e-01
2.394408601011168702e-01 7.031196770599662527e-01
2.271952404239576118e-01 7.036329266704314245e-01
2.154472558542477878e-01 7.046507349174458978e-01
2.041407380640810898e-01 7.059690300180359035e-01
1.933449473079978109e-01 7.078975850876575437e-01
1.831873676256865757e-01 7.106564205467599260e-01
1.736090933022146343e-01 7.135523944563272325e-01
1.644804854725240573e-01 7.167309786943234506e-01
1.558027473399985763e-01 7.200924803015216202e-01
1.475499152000613323e-01 7.232816260541717890e-01
1.396359681417899401e-01 7.263586654558134015e-01
1.319701175954269001e-01 7.296687859056326664e-01
1.243901525570877964e-01 7.334261120482253871e-01
1.170337939437250674e-01 7.376609824477490251e-01
1.099869524147741584e-01 7.427194580470256602e-01
1.032471736972885440e-01 7.484310992079784564e-01
9.690588787654225156e-02 7.545040366373364504e-01
9.116486224136791106e-02 7.603980808399641855e-01
8.616863696398784078e-02 7.663376575092624154e-01
8.202725428441653976e-02 7.723151048656069495e-01
7.881360754788833967e-02 7.783274455479908260e-01
7.660263185256294127e-02 7.841651262664086630e-01
7.555529523526831326e-02 7.899992572740555108e-01
7.553565657184439786e-02 7.957589347223290588e-01
7.657185483875932064e-02 8.017030294477887065e-01
7.838912332620548429e-02 8.077501531927828715e-01
8.091302704674248336e-02 8.138817201914789745e-01
8.393911423427717622e-02 8.203139731734100382e-01
8.732800248782245089e-02 8.269412475792553563e-01
9.111169179027177323e-02 8.340224192822032201e-01
9.516926642735393238e-02 8.413388425633380185e-01
9.935913775800442327e-02 8.490138729206676560e-01
1.035454362995770483e-01 8.568478575252921337e-01
1.075902400576338458e-01 8.646831349160575275e-01
1.114262415894440306e-01 8.722601827053430013e-01
1.150387764752519443e-01 8.795684222622114357e-01
1.184912310038902378e-01 8.870491364530020961e-01
1.215946904208739243e-01 8.945566122759316396e-01
1.243785347565248278e-01 9.021652283146353035e-01
1.266241448817356507e-01 9.098709800595679020e-01
1.284298947130387003e-01 9.176869257118166479e-01
1.300279586385859609e-01 9.255501310064382370e-01
1.313649550901383745e-01 9.333066790868405072e-01
1.324516561460130082e-01 9.409675249509090733e-01
1.332045029571317929e-01 9.486224685166829707e-01
1.337253436476600332e-01 9.562376193918075140e-01
1.339339938014745823e-01 9.636555417138187307e-01
1.339253424929112701e-01 9.708843135372545730e-01
1.335200661907390562e-01 9.777833960385939882e-01
1.325765902594644163e-01 9.844068406441963681e-01
1.311571481322147403e-01 9.907421249095833549e-01
1.291325363912144419e-01 9.968127097633440181e-01
1.263865504467061585e-01 1.002507809100003477e+00
1.230367825370358020e-01 1.007909825370896240e+00
1.189008083905340463e-01 1.012794321932411812e+00
1.138272876195533523e-01 1.017226850306414354e+00
1.077891072638484937e-01 1.021162928082608223e+00
1.007718328865511020e-01 1.024550646860094449e+00
9.266435669925139618e-02 1.027504356856249190e+00
8.368374326399394270e-02 1.029908319213630019e+00
7.396469206378168681e-02 1.031929815402443662e+00
6.354397062592360979e-02 1.033646391442160750e+00
5.230596797046612595e-02 1.034994720290697279e+00
4.024640075558302138e-02 1.035891475418125873e+00
2.736418102582802506e-02 1.036362927946883783e+00
1.360235147748370572e-02 1.036605600751905110e+00
-9.273996359991784275e-04 1.036647054847404048e+00
-1.613822891585985075e-02 1.036695726239915016e+00
-3.203302320663113656e-02 1.036913804496460312e+00
-4.863792493977412562e-02 1.037411939664748317e+00
-6.593309283142491373e-02 1.038067598510578948e+00
-8.390165787000132547e-02 1.038944756499439848e+00
-1.026140581090383419e-01 1.040110817745625083e+00
-1.219061426046703506e-01 1.041808915476509778e+00
-1.418532268585143141e-01 1.043862739778514293e+00
-1.624362752803278076e-01 1.046368073214176908e+00
-1.836288220990373032e-01 1.049289400600142530e+00
-2.053486899138257105e-01 1.052376970470114914e+00
-2.275411130951679461e-01 1.056146042930337092e+00
-2.501546682364174101e-01 1.060577343380929793e+00
-2.730733988175586546e-01 1.065720772004207895e+00
-2.963970145522331623e-01 1.071843015634665219e+00
-3.200744846691282453e-01 1.079127509316184508e+00
-3.441342752673948180e-01 1.087570157969353302e+00
-3.685338051556324435e-01 1.096988927824747106e+00
-3.933193916827440462e-01 1.107580535800073873e+00
-4.184380329468724846e-01 1.119251200415042335e+00
-4.438713905207660737e-01 1.132297505260321024e+00
-4.695716003898759427e-01 1.146745626396146633e+00
-4.955831797329747213e-01 1.162604798482674839e+00
-5.218087985222132907e-01 1.180146655597053673e+00
-5.482245656475425166e-01 1.199377296445808705e+00
-5.747214701102704160e-01 1.220274818483115808e+00
-6.010633632107352797e-01 1.242837517603931241e+00
-6.273492370492645964e-01 1.266897281780722695e+00
-6.534334269599343381e-01 1.292357355704188082e+00
-6.792721437678045371e-01 1.319505150063121635e+00
-7.047887024344230422e-01 1.348515924319479975e+00
-7.298366029256461163e-01 1.379355205752212488e+00
-7.543156368832807379e-01 1.412159819658608706e+00
-7.780766651672976764e-01 1.446947896339567219e+00
-8.011019344414983534e-01 1.483877751036070558e+00
-8.233052187838724167e-01 1.523007467332290643e+00
-8.445154020095205771e-01 1.564270670853256995e+00
-8.647269764299295725e-01 1.607757840143033690e+00
-8.839135014650183475e-01 1.653179776459793748e+00
-9.019598336430380003e-01 1.700566514221556247e+00
-9.188522254234674502e-01 1.749487200297317191e+00
-9.344333564733363628e-01 1.799609981654030744e+00
-9.487144984304904938e-01 1.851342794502033984e+00
-9.616948759494995391e-01 1.905182040860650572e+00
-9.733793532498636880e-01 1.960632152790320326e+00
-9.837247569372459255e-01 2.017789594227599625e+00
-9.925587397631333575e-01 2.076698205199203340e+00
-9.998943357473732974e-01 2.137399769702519325e+00
-1.005664685731943786e+00 2.199518343925942254e+00
-1.009819274674340850e+00 2.263165709691205230e+00
-1.012111092596409856e+00 2.327785610750177980e+00
-1.012529167563711585e+00 2.393636003174296256e+00
-1.011030318789108096e+00 2.460375681081508947e+00
-1.007496468604599293e+00 2.527713760527390718e+00
-1.002025406695522314e+00 2.596337258908002266e+00
-9.945254783092865036e-01 2.665961193687808706e+00
-9.848145435176485218e-01 2.736066754983809357e+00
-9.726886291805730833e-01 2.806574377109858798e+00
-9.581189343686766779e-01 2.876763652319092923e+00
-9.413155692998244062e-01 2.946678417897844238e+00
-9.223623789938129036e-01 3.016931274240189254e+00
-9.014676364237557138e-01 3.087957946999336567e+00
-8.785537649003066774e-01 3.159842504235677030e+00
-8.535371973027228165e-01 3.232528138681217911e+00
-8.260665972335073937e-01 3.305480458262499699e+00
-7.959485728126399762e-01 3.377851734103291648e+00
-7.632816079897539741e-01 3.450190064373982679e+00
-7.278675019436953164e-01 3.521026910077001748e+00
-6.894773367336209935e-01 3.589000652422551507e+00
-6.484062616462458184e-01 3.655065265971639832e+00
-6.046718905514524289e-01 3.720184550406720358e+00
-5.581375863498114764e-01 3.785195829906340848e+00
-5.087642199823594336e-01 3.848917539011729172e+00
-4.563274985912958992e-01 3.910827633331027897e+00
-4.009618162359966376e-01 3.971609618524347241e+00
-3.428495913865615141e-01 4.031954931727280922e+00
-2.818645467046572151e-01 4.090776783612870560e+00
-2.177178413344889318e-01 4.146224845937563686e+00
-1.503176867011554452e-01 4.199347990749885184e+00
-7.976165062158691033e-02 4.250525690146399249e+00
-5.735949253549380879e-03 4.298165131190646804e+00
7.181484250484833354e-02 4.342555230158268387e+00
1.528986128507067999e-01 4.384906853251480108e+00
2.378007738824401696e-01 4.424719824050193040e+00
3.262281301150060653e-01 4.462989162557635225e+00
4.184054412905658937e-01 4.498715728658528867e+00
5.145474447218739700e-01 4.533418899064780128e+00
6.149588447626755938e-01 4.563554813846593561e+00
7.192753803942885105e-01 4.589264118316114249e+00
8.270451504858781222e-01 4.613894905203423491e+00
9.380781454653763785e-01 4.637537720038689137e+00
1.052243584430187395e+00 4.661006756375149607e+00
1.169333598615259540e+00 4.684597936233731552e+00
1.289665595204094295e+00 4.708154010461385930e+00
1.413092048212277740e+00 4.731768562256491784e+00
1.539460796440134338e+00 4.755838771409448995e+00
1.668669207204057203e+00 4.781275966716275860e+00
1.800773702231901030e+00 4.807258184000508194e+00
1.935446704276362340e+00 4.834970800864314633e+00
2.072525386059162589e+00 4.864864863157838393e+00
2.212173523387434670e+00 4.896669591283865586e+00
2.354081322918740948e+00 4.931706432538413232e+00
2.498275142468664001e+00 4.969449005887370596e+00
2.644887673261062222e+00 5.009607639724338313e+00
2.794116914232774640e+00 5.052311243451187650e+00
2.946016844523196454e+00 5.097768927727117649e+00
3.100616997161081745e+00 5.145482635495702617e+00
3.257577274025094560e+00 5.195320670838915689e+00
3.417029934853923478e+00 5.247404895419895077e+00
3.579149502248180070e+00 5.301814860555681186e+00
3.744037876855962121e+00 5.356987057772009564e+00
3.911550862336797163e+00 5.412101883286267068e+00
4.081500738454716171e+00 5.467117764848990369e+00
4.253748386611744259e+00 5.522640575590682666e+00
4.428089928955447618e+00 5.579984727831677205e+00
4.604674741090560630e+00 5.638963403392957652e+00
4.783440545043166736e+00 5.699983532594075974e+00
4.964396533041584014e+00 5.762077428626113829e+00
5.147256927976802565e+00 5.824981667289552689e+00
5.331951265943293272e+00 5.888937328077290978e+00
5.518443360523301422e+00 5.953661182060429269e+00
5.706808720364862531e+00 6.019427642286610869e+00
5.896713447522143881e+00 6.085926294539927284e+00
6.088487510900107758e+00 6.152817145559558831e+00
6.281868910813818374e+00 6.220568178426145067e+00
6.476892396844163180e+00 6.288171905445497423e+00
6.673331558631391047e+00 6.356180259343439332e+00
6.871304376490262378e+00 6.424140771402308658e+00
7.070664191392003417e+00 6.492155113489038065e+00
7.271539550922354600e+00 6.559824175284104442e+00
7.473823828891831944e+00 6.627042842262395261e+00
7.677406708610301500e+00 6.694951514472156084e+00
7.882299654775736464e+00 6.762740248675426891e+00
8.088517537141333591e+00 6.830707113441093270e+00
8.296071906770977833e+00 6.898622578070786382e+00
8.504856430219144059e+00 6.967069895991129691e+00
8.714912741378862293e+00 7.035623254799562076e+00
8.926214907996508074e+00 7.105227612220379463e+00
9.138821488594523146e+00 7.174423206969890998e+00
9.352715140070234412e+00 7.243378084591434174e+00
9.567823524426440684e+00 7.313121531369021433e+00
9.783980841344716239e+00 7.383930786551256453e+00
1.000134526787971900e+01 7.455140430538637730e+00
1.021991625338184662e+01 7.527118548244580154e+00
1.043960368497031155e+01 7.599729955407784843e+00
1.066038588265983478e+01 7.672047911179094903e+00
1.088223530564989439e+01 7.744767345946673487e+00
1.110516789888849054e+01 7.817993076396938079e+00
1.132913561587431062e+01 7.892303896484198944e+00
1.155404502722681848e+01 7.968246480358810224e+00
1.177983784685329560e+01 8.045174554535043043e+00
1.200655215895905847e+01 8.122260658350436202e+00
1.223416465146200949e+01 8.199349058591730355e+00
1.246277074045064559e+01 8.276878809599535813e+00
1.269233327116285004e+01 8.354460527991198759e+00
1.292275400667774399e+01 8.432322982856263138e+00
1.315416793502106962e+01 8.510343125427208832e+00
1.338654433591025139e+01 8.589003957133266809e+00
1.361981572121989892e+01 8.668343689325748613e+00
1.385393056305087356e+01 8.747858207054742152e+00
1.408898281214188586e+01 8.827057569021151906e+00
1.432498296844715924e+01 8.905402536574978711e+00
1.456182575887563324e+01 8.983490794078653252e+00
1.479954819182960435e+01 9.061675824217260811e+00
1.503819062534643614e+01 9.139745023675864388e+00
1.527774388488458079e+01 9.218044286363664241e+00
1.551828245396516692e+01 9.297078023096034372e+00
1.575980893835729546e+01 9.376470679135028519e+00
1.600229249039474766e+01 9.455788601175465047e+00
1.624584356093893334e+01 9.534092850564443111e+00
1.649036779072820025e+01 9.612165067941507601e+00
1.673587354095614543e+01 9.690075486965278984e+00
1.698223342661954760e+01 9.768019448659115866e+00
1.722956242717042130e+01 9.846502555814478086e+00
1.747792969003015529e+01 9.925003639012333068e+00
1.772733517977655993e+01 1.000377195227595806e+01
1.797782516810358899e+01 1.008227245601510624e+01
1.822941394669669180e+01 1.016167330147638381e+01
1.848210313232577562e+01 1.024139982477825406e+01
1.873590356145586355e+01 1.032163434070903740e+01
1.899085099006185828e+01 1.040241555759419612e+01
1.924684856434257796e+01 1.048369978467075825e+01
1.950387712069920099e+01 1.056534754503483420e+01
1.976179743922486765e+01 1.064716223255660132e+01
2.002087730329864002e+01 1.072951101799045581e+01
2.028108004433768130e+01 1.081183574716189177e+01
2.054243218363547641e+01 1.089485025600884427e+01
2.080493628073711676e+01 1.097721190405214919e+01
2.106856807650352081e+01 1.105996821258868756e+01
2.133339753890524193e+01 1.114221225197995047e+01
2.159943772335441636e+01 1.122413442067790434e+01
2.186650078559408428e+01 1.130722094003072442e+01
2.213470399525700927e+01 1.139050237585341385e+01
2.240392024701955265e+01 1.147384010539539290e+01
2.267417447284776344e+01 1.155701099329377257e+01
2.294547455203776565e+01 1.164007725007173022e+01
2.321785618198161316e+01 1.172372336130083958e+01
2.349124390563186182e+01 1.180737053033782402e+01
2.376578362036724457e+01 1.189093773604835214e+01
2.404139638336337370e+01 1.197457811937325012e+01
2.431808594723137062e+01 1.205890359561312764e+01
2.459569423169505953e+01 1.214314264946806965e+01
2.487431788775385755e+01 1.222699793255890910e+01
2.515394691389434101e+01 1.231180797359875001e+01
2.543463341343159456e+01 1.239703620049452937e+01
2.571629596437726661e+01 1.248215766361785306e+01
2.599885964296301921e+01 1.256706122809637094e+01
2.628233018291239986e+01 1.265207681099460224e+01
2.656669258584781446e+01 1.273724243325427530e+01
2.685190997221031850e+01 1.282212843866136787e+01
2.713798333031790477e+01 1.290693641821623672e+01
2.742488201335984854e+01 1.299186259462262960e+01
2.771255287715366933e+01 1.307636755072300083e+01
2.800099671577920546e+01 1.316052357597760114e+01
2.829008388363585169e+01 1.324439531922894631e+01
2.857987647037116830e+01 1.332775675565859608e+01
2.887037515173152968e+01 1.341046524799819117e+01
2.916159534415420396e+01 1.349193350649338541e+01
2.945345269534052690e+01 1.357296324087394446e+01
2.974585391609036122e+01 1.365375629639624755e+01
3.003874532037851708e+01 1.373440326635916087e+01
3.033216734282824589e+01 1.381479020068807451e+01
3.062604645047868956e+01 1.389511675911398214e+01
3.092032680589325722e+01 1.397582591794687090e+01
3.121505049335713267e+01 1.405662715913068617e+01
3.151016951969691604e+01 1.413793974808968912e+01
3.180571030013415168e+01 1.421928272168221774e+01
3.210160370768333138e+01 1.430108254925762168e+01
3.239785767535774141e+01 1.438329551504179449e+01
3.269442711226794529e+01 1.446571815341815004e+01
3.299127143509534221e+01 1.454904589897727263e+01
3.328838784003744422e+01 1.463305046309530510e+01
3.358573747051005398e+01 1.471783340862040390e+01
3.388327776967262395e+01 1.480315786877261530e+01
3.418100788778188104e+01 1.488911972168692799e+01
3.447901405490174653e+01 1.497644040161258694e+01
3.477724807583555844e+01 1.506507542831905333e+01
3.507570521880169423e+01 1.515477790740105313e+01
3.537434121813092958e+01 1.524557050325909024e+01
3.567314560753958830e+01 1.533786286906854990e+01
3.597208955103037198e+01 1.543175791292017607e+01
3.627115995718508401e+01 1.552700770249338902e+01
3.657038864875326567e+01 1.562360960573314195e+01
3.686980287746506946e+01 1.572141187297334852e+01
3.716938007821842405e+01 1.582032726842474446e+01
3.746903869589980474e+01 1.592064076071319434e+01
3.776878365263647197e+01 1.602241046321743667e+01
3.806858913577332970e+01 1.612557701770161955e+01
3.836849587459953170e+01 1.622993873898775874e+01
3.866851221045669007e+01 1.633563696953541822e+01
3.896863735510378746e+01 1.644249846631372591e+01
3.926886110305785849e+01 1.655090321576826540e+01
3.956922330389217279e+01 1.666055062584856827e+01
3.986971005264593515e+01 1.677130686572852269e+01
4.017031099319458320e+01 1.688355868752727673e+01
4.047099359551254594e+01 1.699744924156550141e+01
4.077175600324358129e+01 1.711282807804710160e+01
4.107260853436528691e+01 1.722967530186802065e+01
4.137351586166693096e+01 1.734806336596703957e+01
4.167447738024652892e+01 1.746788575766411000e+01
4.197549186589766634e+01 1.758932154983519780e+01
4.227656596436792569e+01 1.771261833978121913e+01
4.257770432335989597e+01 1.783748472502791316e+01
4.287887395119180667e+01 1.796409232121761690e+01
4.318009430710150554e+01 1.809238814156879371e+01
4.348140192265412907e+01 1.822237664095393228e+01
4.378280314153554542e+01 1.835414582073676115e+01
4.408423669231181208e+01 1.848759345632605644e+01
4.438569878130542889e+01 1.862284873962401477e+01
4.468722048233966149e+01 1.875942321581293371e+01
4.498879945171122330e+01 1.889734925303105939e+01
4.529043365867770632e+01 1.903684771584677904e+01
4.559210355330486664e+01 1.917810266063062485e+01
4.589382098373101826e+01 1.932079890312475356e+01
4.619559088103625299e+01 1.946514879204287141e+01
4.649739551466338838e+01 1.961076084975549705e+01
4.679922144987145316e+01 1.975789227005372339e+01
4.710109889594875909e+01 1.990676839033006829e+01
4.740302225229691402e+01 2.005731320923560190e+01
4.770495264948630876e+01 2.020954464619458335e+01
4.800689451645831696e+01 2.036335490011724758e+01
4.830886404621357855e+01 2.051867642967312122e+01
4.861084587564273818e+01 2.067566946925632365e+01
4.891282020335295044e+01 2.083420657432613154e+01
4.921479952286701121e+01 2.099427807382490840e+01
4.951680260015993440e+01 2.115605535068189269e+01
4.981881462719975673e+01 2.131944053182318655e+01
5.012080905914306328e+01 2.148445685284213980e+01
5.042279048608273939e+01 2.165126853666332707e+01
5.072476231477698150e+01 2.181948930364771400e+01
5.102676686968122510e+01 2.198922934205904767e+01
5.132878151407047085e+01 2.216058757733044260e+01
5.163082733465700613e+01 2.233365358878921114e+01
5.193286740517129374e+01 2.250831481450547145e+01
5.223492571616659319e+01 2.268433760543151578e+01
5.253701416638432420e+01 2.286174836349976403e+01
5.283911482519032887e+01 2.304114476392516409e+01
5.314122662446936829e+01 2.322239501326320976e+01
5.344334402512530602e+01 2.340524428629170473e+01
5.374549629678531915e+01 2.358974831985758058e+01
5.404766976414894231e+01 2.377603420902250519e+01
5.434984348919926589e+01 2.396406009585704666e+01
5.465200814616923708e+01 2.415394005931826626e+01
5.495418452593744973e+01 2.434578790427718431e+01
5.525641813317123763e+01 2.453936597237229122e+01
5.555869384687773760e+01 2.473479069960292875e+01
5.586101282937185886e+01 2.493222381883808225e+01
5.616335485185895493e+01 2.513143802494359846e+01
5.646573270836655212e+01 2.533267302134001042e+01
5.676818242053596464e+01 2.553599442003634223e+01
5.707065507538464288e+01 2.574113056242707032e+01
5.737320494982660790e+01 2.594819911808214030e+01
5.767579265594482507e+01 2.615706655256749613e+01
5.797845637029531218e+01 2.636755937607140510e+01
5.828114874002884704e+01 2.657980122036759951e+01
5.858390630605269678e+01 2.679390997343064740e+01
5.888669487310915684e+01 2.700981753753787018e+01
5.918951732713348690e+01 2.722754531026091840e+01
5.949235482429971711e+01 2.744720626443548284e+01
5.979523457585548840e+01 2.766873735614000296e+01
6.009816392781782923e+01 2.789196644546518655e+01
6.040116281003368215e+01 2.811689873385182992e+01
6.070419381900709510e+01 2.834375742791713293e+01
6.100729430451684721e+01 2.857277195156202509e+01
6.131044585870236574e+01 2.880356218561022175e+01
6.161365127563476562e+01 2.903610806714054249e+01
6.191686703896036192e+01 2.927049905794125806e+01
6.222015791289660314e+01 2.950705851672865165e+01
6.252346651661152777e+01 2.974538328431555456e+01
6.282681837510089196e+01 2.998545038661609041e+01
6.313019770797418317e+01 3.022723614817941495e+01
6.343363892146519589e+01 3.047073489573131866e+01
6.373710377829415563e+01 3.071609862573768623e+01
6.404060770696523264e+01 3.096368702537283824e+01
6.434413380369848312e+01 3.121319147447936260e+01
6.464768366443867365e+01 3.146427064128746309e+01
6.495132096037572467e+01 3.171747970243483650e+01
6.525497445398447383e+01 3.197235874575822479e+01
6.555867229850925071e+01 3.222934411126303189e+01
6.586241003853933762e+01 3.248842860690603374e+01
6.616621316793013818e+01 3.274956265346494177e+01
6.647005859919956094e+01 3.301259000947398192e+01
6.677397040075184975e+01 3.327747630402284074e+01
6.707790554202333055e+01 3.354420488165290237e+01
6.738188216306726019e+01 3.381284226834900863e+01
6.768588514366928166e+01 3.408324094582177821e+01
6.798994091968147302e+01 3.435564590728269252e+01
6.829401873374472132e+01 3.463006824479515444e+01
6.859815516102071342e+01 3.490649839498303209e+01
6.890233909918337929e+01 3.518503683674044424e+01
6.920660919500856778e+01 3.546545302947053102e+01
6.951087670618173320e+01 3.574751999505967603e+01
6.981517755313795703e+01 3.603167469202131201e+01
7.011950734430429577e+01 3.631792046264665430e+01
7.042387867363132159e+01 3.660601481931707468e+01
7.072825231046093108e+01 3.689621860862497016e+01
7.103264907136255601e+01 3.718822564135130904e+01
7.133703071905641480e+01 3.748217391741733451e+01
7.164145864136365560e+01 3.777791236854623946e+01
7.194593467323147706e+01 3.807536194698273846e+01
7.225040371797523164e+01 3.837459582763485599e+01
7.255491234059236660e+01 3.867579725359762222e+01
7.285944649209781687e+01 3.897893861320739717e+01
7.316402829228614735e+01 3.928395533572699350e+01
7.346860606290856310e+01 3.959079082801430616e+01
7.377321544880769011e+01 3.989921798552320098e+01
7.407782486584721937e+01 4.020945905975580814e+01
7.438246356107750046e+01 4.052166017450677060e+01
7.468710927612927719e+01 4.083574308574365119e+01
7.499178257689183624e+01 4.115164157808204237e+01
7.529645360985580282e+01 4.146930269935636204e+01
7.560115253059231577e+01 4.178882733970492325e+01
7.590584001969318706e+01 4.211011892747421115e+01
7.621054275123439936e+01 4.243301849956981187e+01
7.651524083273751842e+01 4.275764018357674701e+01
7.681997765443763626e+01 4.308415967448695483e+01
7.712473867377455861e+01 4.341263947975696880e+01
7.742955087389265145e+01 4.374283924869730100e+01
7.773437760567178145e+01 4.407496732700335684e+01
7.803923144515680121e+01 4.440897778631094184e+01
7.834409037298085821e+01 4.474503111303634739e+01
7.864899412816885160e+01 4.508287369665258382e+01
7.895393813074851153e+01 4.542267017299003840e+01
7.925892903619883612e+01 4.576412724151465738e+01
7.956394275743134870e+01 4.610748762194948824e+01
7.986897979113520307e+01 4.645299816279790406e+01
8.017405203371632183e+01 4.680042921128583799e+01
8.047912697461187292e+01 4.714980733737498042e+01
8.078423268220862496e+01 4.750115955817328484e+01
8.108934131233060327e+01 4.785416543605374784e+01
8.139447156789351823e+01 4.820891000355840816e+01
8.169963381397481328e+01 4.856579650894172318e+01
8.200485658217449725e+01 4.892471713630370544e+01
8.231009609533815308e+01 4.928564502155381177e+01
8.261539250743632579e+01 4.964880225538448855e+01
8.292073196878239116e+01 5.001400231561887466e+01
8.322613764159532934e+01 5.038142269191659040e+01
8.353154658025624713e+01 5.075090802280703883e+01
8.383700878532565071e+01 5.112245050849924866e+01
8.414249545661770924e+01 5.149600126192582650e+01
8.444804325025909009e+01 5.187144727319510906e+01
8.475360840466557022e+01 5.224885004952481182e+01
8.505920520548917807e+01 5.262845524006501563e+01
8.536481922461062766e+01 5.301000727575823390e+01
8.567048504109286000e+01 5.339367081836393680e+01
8.597616808677206279e+01 5.377899388335990238e+01
8.628191036224365007e+01 5.416602038918666295e+01
8.658767992369982380e+01 5.455492928878459935e+01
8.689350101393095827e+01 5.494578899888975343e+01
8.719935869255844807e+01 5.533834105733173914e+01
8.750522906322868266e+01 5.573296085070599304e+01
8.781115384238107424e+01 5.612947094416857396e+01
8.811708359309605498e+01 5.652782918794660105e+01
8.842303834954086028e+01 5.692807743469415982e+01
8.872901387350900393e+01 5.733028886516555644e+01
8.903505728585379586e+01 5.773444893782962595e+01
8.934112713872170275e+01 5.814056248961937001e+01
8.964723096886459075e+01 5.854871378417035288e+01
8.995337207327084172e+01 5.895904667218323425e+01
9.025956070958351063e+01 5.937136940660137441e+01
9.056577967196095358e+01 5.978582309472057688e+01
9.087206161966129514e+01 6.020230486705900574e+01
9.117835700677365196e+01 6.062058069182947406e+01
9.148468732872787257e+01 6.104096097946479915e+01
9.179103248829744643e+01 6.146344623364068838e+01
9.209742959080909941e+01 6.188794994299514940e+01
9.240384685127102671e+01 6.231423149518998628e+01
9.271029622992691088e+01 6.274236783304360898e+01
9.301675207410539770e+01 6.317233343230343934e+01
9.332324996014030205e+01 6.360461028685919160e+01
9.362977880283277443e+01 6.403878518858188329e+01
9.393636296408517694e+01 6.447516770216859072e+01
9.424296437244025526e+01 6.491343136884771070e+01
9.454963199148372155e+01 6.535380201453990878e+01
9.485633094164789725e+01 6.579609601547571174e+01
9.516304136548723136e+01 6.624043971850397838e+01
9.546979509703966471e+01 6.668690320291648277e+01
9.577655908467818335e+01 6.713517012774592274e+01
9.608336381172647123e+01 6.758541121275769115e+01
9.639018326817726745e+01 6.803768018702089648e+01
9.669704391401641885e+01 6.849193997317422600e+01
9.700391168477584358e+01 6.894815345263732809e+01
9.731082478036685757e+01 6.940659152853831415e+01
9.761775566023223405e+01 6.986734850262040197e+01
9.792473580808055544e+01 7.033055576018328736e+01
9.823174119754713729e+01 7.079602505551056879e+01
9.853879014151436877e+01 7.126318619649819652e+01
9.884585769886872697e+01 7.173234099624579585e+01
9.915296686989920261e+01 7.220360587271430575e+01
9.946007148275569421e+01 7.267685343936018683e+01
9.976722269097153628e+01 7.315242062431634906e+01
1.000743885203770276e+02 7.362996419525212843e+01
1.003815835431157382e+02 7.410964392774734222e+01
1.006887900815691239e+02 7.459127544382519659e+01
1.009960589264850199e+02 7.507537826304366035e+01
1.013033607443984607e+02 7.556187435160509835e+01
1.016107181144247278e+02 7.605066058720032629e+01
1.019180791636875654e+02 7.654147624429786845e+01
1.022254884470725500e+02 7.703462240942046435e+01
1.025329397987832891e+02 7.753025349537345789e+01
1.028404076603480775e+02 7.802807924047128552e+01
1.031479144076911751e+02 7.852797666678570465e+01
1.034554263788340052e+02 7.902996724197548417e+01
1.037629740921331916e+02 7.953423791183425351e+01
1.040705234488662398e+02 8.004061689383257772e+01
1.043781064356589781e+02 8.054924813312969434e+01
1.046856857214168599e+02 8.106002543747865730e+01
1.049932908879494136e+02 8.157319874365511225e+01
1.053008997313830264e+02 8.208857317044349600e+01
1.056085397728122075e+02 8.260608790253930067e+01
1.059161934599584498e+02 8.312574704618853616e+01
1.062239063185088526e+02 8.364757496558104322e+01
1.065316408538818393e+02 8.417166375793352984e+01
1.068394068566147155e+02 8.469803332173366073e+01
1.071471827713324103e+02 8.522688349709655142e+01
1.074550063386255374e+02 8.575809293679223799e+01
1.077628391281439377e+02 8.629163234909100311e+01
1.080707126461729644e+02 8.682749638323802799e+01
1.083785827154042778e+02 8.736544459026467280e+01
1.086864870125906748e+02 8.790563449513253147e+01
1.089944259192019160e+02 8.844784729078845942e+01
1.093024078306859792e+02 8.899243465206728843e+01
1.096103996027732421e+02 8.953928179354581118e+01
1.099184351333306751e+02 9.008843647657585052e+01
1.102264915575299966e+02 9.063991431059376680e+01
1.105345447353440846e+02 9.119342865714736490e+01
1.108426324712013695e+02 9.174909675941316323e+01
1.111507220209861231e+02 9.230680327917897898e+01
1.114588528364531896e+02 9.286677806845651162e+01
1.117669885113774484e+02 9.342899829700525061e+01
1.120751442469382795e+02 9.399359526535938869e+01
1.123833007423245220e+02 9.456019494270691439e+01
1.126914859024359288e+02 9.512885077525812960e+01
1.129996776954495203e+02 9.569968999947796817e+01
1.133079031045096201e+02 9.627276413204758398e+01
1.136161371814961285e+02 9.684807635172677465e+01
1.139243900532625133e+02 9.742554564366584202e+01
1.142326408105967062e+02 9.800511636759145517e+01
1.145409320270771900e+02 9.858684035727610251e+01
1.148492222828767808e+02 9.917082542991465743e+01
1.151575514392463475e+02 9.975707375600646287e+01
1.154658764757428884e+02 1.003455813274047017e+02
1.157742287086953894e+02 1.009364243055253354e+02
1.160825919404321809e+02 1.015295919822522563e+02
1.163909966262505975e+02 1.021250631313835271e+02
1.166994005553576415e+02 1.027226003299983574e+02
1.170078351001350256e+02 1.033222912747139048e+02
1.173162702210095460e+02 1.039242059765635560e+02
1.176247342214778939e+02 1.045281817264366566e+02
