-9.893199157714843750e+01 1.482195129394531250e+02
-9.870156097412109375e+01 1.470117950439453125e+02
-9.847115325927734375e+01 1.458138427734375000e+02
-9.824073028564453125e+01 1.446257934570312500e+02
-9.801031494140625000e+01 1.434473571777343750e+02
-9.777988433837890625e+01 1.422783813476562500e+02
-9.754947662353515625e+01 1.411191406250000000e+02
-9.731905364990234375e+01 1.399692687988281250e+02
-9.708863067626953125e+01 1.388288421630859375e+02
-9.685820770263671875e+01 1.376975097656250000e+02
-9.662779998779296875e+01 1.365755920410156250e+02
-9.639737701416015625e+01 1.354626770019531250e+02
-9.616695404052734375e+01 1.343589019775390625e+02
-9.593653106689453125e+01 1.332641143798828125e+02
-9.570612335205078125e+01 1.321782531738281250e+02
-9.547569274902343750e+01 1.311012420654296875e+02
-9.524527740478515625e+01 1.300330047607421875e+02
-9.501486206054687500e+01 1.289734649658203125e+02
-9.478443908691406250e+01 1.279225692749023438e+02
-9.455401611328125000e+01 1.268802337646484375e+02
-9.432360076904296875e+01 1.258463897705078125e+02
-9.409317779541015625e+01 1.248209686279296875e+02
-9.386276245117187500e+01 1.238039016723632812e+02
-9.363234710693359375e+01 1.227950668334960938e+02
-9.340192413330078125e+01 1.217945632934570312e+02
-9.317150115966796875e+01 1.208021011352539062e+02
-9.294107055664062500e+01 1.198177261352539062e+02
-9.271066284179687500e+01 1.188414840698242188e+02
-9.248023986816406250e+01 1.178731384277343750e+02
-9.224982452392578125e+01 1.169126358032226562e+02
-9.201940155029296875e+01 1.159600067138671875e+02
-9.178898620605468750e+01 1.150151443481445312e+02
-9.155856323242187500e+01 1.140779724121093750e+02
-9.132814788818359375e+01 1.131484451293945312e+02
-9.109771728515625000e+01 1.122264938354492188e+02
-9.086730957031250000e+01 1.113120498657226562e+02
-9.063688659667968750e+01 1.104050521850585938e+02
-9.040647125244140625e+01 1.095054550170898438e+02
-9.017604827880859375e+01 1.086131820678710938e+02
-8.994563293457031250e+01 1.077281799316406250e+02
-8.971520233154296875e+01 1.068503875732421875e+02
-8.948479461669921875e+01 1.059797515869140625e+02
-8.925436401367187500e+01 1.051162109375000000e+02
-8.902394866943359375e+01 1.042597045898437500e+02
-8.879352569580078125e+01 1.034101715087890625e+02
-8.856311798095703125e+01 1.025675659179687500e+02
-8.833269500732421875e+01 1.017318267822265625e+02
-8.810227203369140625e+01 1.009028930664062500e+02
-8.787184906005859375e+01 1.000806732177734375e+02
-8.764144134521484375e+01 9.926519775390625000e+01
-8.741101074218750000e+01 9.845635986328125000e+01
-8.718058776855468750e+01 9.765407562255859375e+01
-8.695017242431640625e+01 9.685841369628906250e+01
-8.671974945068359375e+01 9.606915283203125000e+01
-8.648934173583984375e+01 9.528636169433593750e+01
-8.625891113281250000e+01 9.450994873046875000e+01
-8.602849578857421875e+01 9.373986053466796875e+01
-8.579807281494140625e+01 9.297605133056640625e+01
-8.556766510009765625e+01 9.221846771240234375e+01
-8.533723449707031250e+01 9.146704864501953125e+01
-8.510681915283203125e+01 9.072176361083984375e+01
-8.487639617919921875e+01 8.998254394531250000e+01
-8.464598846435546875e+01 8.924934387207031250e+01
-8.441555786132812500e+01 8.852212524414062500e+01
-8.418514251708984375e+01 8.780082702636718750e+01
-8.395471954345703125e+01 8.708541107177734375e+01
-8.372430419921875000e+01 8.637582397460937500e+01
-8.349388122558593750e+01 8.567197418212890625e+01
-8.326346588134765625e+01 8.497394561767578125e+01
-8.303304290771484375e+01 8.428156280517578125e+01
-8.280261993408203125e+01 8.359481811523437500e+01
-8.257219696044921875e+01 8.291362762451171875e+01
-8.234178924560546875e+01 8.223807525634765625e+01
-8.211136627197265625e+01 8.156790161132812500e+01
-8.188095855712890625e+01 8.090335083007812500e+01
-8.165052795410156250e+01 8.024405670166015625e+01
-8.142010498046875000e+01 7.959020996093750000e+01
-8.118968963623046875e+01 7.894169616699218750e+01
-8.095926666259765625e+01 7.829846191406250000e+01
-8.072884368896484375e+01 7.766047668457031250e+01
-8.049842071533203125e+01 7.702767944335937500e+01
-8.026801300048828125e+01 7.640004730224609375e+01
-8.003759002685546875e+01 7.577751922607421875e+01
-7.980717468261718750e+01 7.516007232666015625e+01
-7.957674407958984375e+01 7.454765319824218750e+01
-7.934633636474609375e+01 7.394022369384765625e+01
-7.911590576171875000e+01 7.333770751953125000e+01
-7.888549041748046875e+01 7.274017333984375000e+01
-7.865506744384765625e+01 7.214747619628906250e+01
-7.842465972900390625e+01 7.155960083007812500e+01
-7.819423675537109375e+01 7.097648620605468750e+01
-7.796381378173828125e+01 7.039819335937500000e+01
-7.773339080810546875e+01 6.982453918457031250e+01
-7.750298309326171875e+01 6.925563049316406250e+01
-7.727255249023437500e+01 6.869125366210937500e+01
-7.704213714599609375e+01 6.813160705566406250e+01
-7.681171417236328125e+01 6.757639312744140625e+01
-7.658130645751953125e+01 6.702580261230468750e+01
-7.635088348388671875e+01 6.647962951660156250e+01
-7.612046051025390625e+01 6.593800354003906250e+01
-7.589003753662109375e+01 6.540066528320312500e+01
-7.565961456298828125e+01 6.486776733398437500e+01
-7.542919921875000000e+01 6.433921813964843750e+01
-7.519876861572265625e+01 6.381496429443359375e+01
-7.496836090087890625e+01 6.329499053955078125e+01
-7.473793792724609375e+01 6.277925109863281250e+01
-7.450752258300781250e+01 6.226771163940429688e+01
-7.427709960937500000e+01 6.176034164428710938e+01
-7.404668426513671875e+01 6.125710678100585938e+01
-7.381626129150390625e+01 6.075797271728515625e+01
-7.358584594726562500e+01 6.026290512084960938e+01
-7.335542297363281250e+01 5.977186965942382812e+01
-7.312500762939453125e+01 5.928483963012695312e+01
-7.289458465576171875e+01 5.880174636840820312e+01
-7.266416931152343750e+01 5.832261657714843750e+01
-7.243374633789062500e+01 5.784736633300781250e+01
-7.220333099365234375e+01 5.737606811523437500e+01
-7.197290802001953125e+01 5.690850448608398438e+01
-7.174249267578125000e+01 5.644482803344726562e+01
-7.151206207275390625e+01 5.598487854003906250e+01
-7.128165435791015625e+01 5.552870178222656250e+01
-7.105123138427734375e+01 5.507624435424804688e+01
-7.082081604003906250e+01 5.462747192382812500e+01
-7.059038543701171875e+01 5.418236923217773438e+01
-7.035997772216796875e+01 5.374088287353515625e+01
-7.012954711914062500e+01 5.330298995971679688e+01
-6.989912414550781250e+01 5.286864089965820312e+01
-6.966870880126953125e+01 5.243787002563476562e+01
-6.943828582763671875e+01 5.201058578491210938e+01
-6.920787811279296875e+01 5.158680343627929688e+01
-6.897744750976562500e+01 5.116645431518554688e+01
-6.874703216552734375e+01 5.074953842163085938e+01
-6.851660919189453125e+01 5.033602142333984375e+01
-6.828620147705078125e+01 4.992587280273437500e+01
-6.805577087402343750e+01 4.951905822753906250e+01
-6.782535552978515625e+01 4.911557769775390625e+01
-6.759493255615234375e+01 4.871536254882812500e+01
-6.736451721191406250e+01 4.831843185424804688e+01
-6.713410186767578125e+01 4.792471313476562500e+01
-6.690367889404296875e+01 4.753422546386718750e+01
-6.667325592041015625e+01 4.714688491821289062e+01
-6.644284820556640625e+01 4.676273345947265625e+01
-6.621241760253906250e+01 4.638169097900390625e+01
-6.598200225830078125e+01 4.600376129150390625e+01
-6.575157928466796875e+01 4.562891387939453125e+01
-6.552116394042968750e+01 4.525712203979492188e+01
-6.529073333740234375e+01 4.488834762573242188e+01
-6.506032562255859375e+01 4.452259826660156250e+01
-6.482990264892578125e+01 4.415980911254882812e+01
-6.459949493408203125e+01 4.379999923706054688e+01
-6.436906433105468750e+01 4.344308471679687500e+01
-6.413863372802734375e+01 4.308909225463867188e+01
-6.390822219848632812e+01 4.273800659179687500e+01
-6.367779541015625000e+01 4.238976669311523438e+01
-6.344738006591796875e+01 4.204436874389648438e+01
-6.321695709228515625e+01 4.170177078247070312e+01
-6.298654556274414062e+01 4.136198806762695312e+01
-6.275612258911132812e+01 4.102495193481445312e+01
-6.252570724487304688e+01 4.069068145751953125e+01
-6.229528045654296875e+01 4.035911560058593750e+01
-6.206486892700195312e+01 4.003027343750000000e+01
-6.183444213867187500e+01 3.970407867431640625e+01
-6.160403060913085938e+01 3.938057327270507812e+01
-6.137360000610351562e+01 3.905968093872070312e+01
-6.114319229125976562e+01 3.874141693115234375e+01
-6.091276168823242188e+01 3.842574310302734375e+01
-6.068235397338867188e+01 3.811264419555664062e+01
-6.045192337036132812e+01 3.780208587646484375e+01
-6.022151184082031250e+01 3.749407577514648438e+01
-5.999108886718750000e+01 3.718855667114257812e+01
-5.976067352294921875e+01 3.688554763793945312e+01
-5.953024673461914062e+01 3.658498764038085938e+01
-5.929983139038085938e+01 3.628689575195312500e+01
-5.906940841674804688e+01 3.599120330810546875e+01
-5.883899688720703125e+01 3.569794845581054688e+01
-5.860857009887695312e+01 3.540706634521484375e+01
-5.837814712524414062e+01 3.511855697631835938e+01
-5.814773178100585938e+01 3.483241271972656250e+01
-5.791730880737304688e+01 3.454858016967773438e+01
-5.768689346313476562e+01 3.426707458496093750e+01
-5.745647048950195312e+01 3.398785781860351562e+01
-5.722605895996093750e+01 3.371092605590820312e+01
-5.699562835693359375e+01 3.343622970581054688e+01
-5.676521682739257812e+01 3.316379165649414062e+01
-5.653479385375976562e+01 3.289355850219726562e+01
-5.630437850952148438e+01 3.262553405761718750e+01
-5.607395553588867188e+01 3.235969543457031250e+01
-5.584354019165039062e+01 3.209602355957031250e+01
-5.561311721801757812e+01 3.183448982238769531e+01
-5.538270187377929688e+01 3.157510375976562500e+01
-5.515227890014648438e+01 3.131782341003417969e+01
-5.492186355590820312e+01 3.106264114379882812e+01
-5.469144058227539062e+01 3.080952835083007812e+01
-5.446102523803710938e+01 3.055849456787109375e+01
-5.423059844970703125e+01 3.030949020385742188e+01
-5.400018692016601562e+01 3.006251525878906250e+01
-5.376976013183593750e+01 2.981756019592285156e+01
-5.353934860229492188e+01 2.957460784912109375e+01
-5.330892181396484375e+01 2.933362197875976562e+01
-5.307851028442382812e+01 2.909460639953613281e+01
-5.284808731079101562e+01 2.885753631591796875e+01
-5.261766433715820312e+01 2.862239265441894531e+01
-5.238724899291992188e+01 2.838917922973632812e+01
-5.215682601928710938e+01 2.815785789489746094e+01
-5.192640686035156250e+01 2.792841720581054688e+01
-5.169598388671875000e+01 2.770084953308105469e+01
-5.146556854248046875e+01 2.747513198852539062e+01
-5.123514938354492188e+01 2.725125885009765625e+01
-5.100473022460937500e+01 2.702921676635742188e+01
-5.077431106567382812e+01 2.680897140502929688e+01
-5.054388809204101562e+01 2.659052658081054688e+01
-5.031347274780273438e+01 2.637386131286621094e+01
-5.008304977416992188e+01 2.615896224975585938e+01
-4.985262680053710938e+01 2.594580268859863281e+01
-4.962220764160156250e+01 2.573439598083496094e+01
-4.939178848266601562e+01 2.552470207214355469e+01
-4.916136932373046875e+01 2.531672096252441406e+01
-4.893095016479492188e+01 2.511043548583984375e+01
-4.870052719116210938e+01 2.490583038330078125e+01
-4.847011184692382812e+01 2.470289421081542969e+01
-4.823968887329101562e+01 2.450160980224609375e+01
-4.800927352905273438e+01 2.430196571350097656e+01
-4.777885818481445312e+01 2.410394859313964844e+01
-4.754843521118164062e+01 2.390753936767578125e+01
-4.731801605224609375e+01 2.371273612976074219e+01
-4.708759689331054688e+01 2.351952552795410156e+01
-4.685717773437500000e+01 2.332787895202636719e+01
-4.662675857543945312e+01 2.313779830932617188e+01
-4.639633560180664062e+01 2.294926071166992188e+01
-4.616592025756835938e+01 2.276226615905761719e+01
-4.593549728393554688e+01 2.257680130004882812e+01
-4.570507812500000000e+01 2.239283561706542969e+01
-4.547465896606445312e+01 2.221037483215332031e+01
-4.524424362182617188e+01 2.202939987182617188e+01
-4.501382446289062500e+01 2.184989929199218750e+01
-4.478340530395507812e+01 2.167186164855957031e+01
-4.455298233032226562e+01 2.149527168273925781e+01
-4.432256317138671875e+01 2.132012748718261719e+01
-4.409214019775390625e+01 2.114640235900878906e+01
-4.386172103881835938e+01 2.097409248352050781e+01
-4.363130187988281250e+01 2.080319213867187500e+01
-4.340088272094726562e+01 2.063368415832519531e+01
-4.317045974731445312e+01 2.046555137634277344e+01
-4.294004440307617188e+01 2.029879379272460938e+01
-4.270962524414062500e+01 2.013339614868164062e+01
-4.247920608520507812e+01 1.996934509277343750e+01
-4.224878311157226562e+01 1.980663108825683594e+01
-4.201836776733398438e+01 1.964524269104003906e+01
-4.178794479370117188e+01 1.948516845703125000e+01
-4.155752944946289062e+01 1.932640075683593750e+01
-4.132710647583007812e+01 1.916892433166503906e+01
-4.109668731689453125e+01 1.901273345947265625e+01
-4.086627197265625000e+01 1.885781288146972656e+01
-4.063585281372070312e+01 1.870415687561035156e+01
-4.040542984008789062e+01 1.855174636840820312e+01
-4.017501449584960938e+01 1.840058326721191406e+01
-3.994459152221679688e+01 1.825065231323242188e+01
-3.971417236328125000e+01 1.810193824768066406e+01
-3.948375320434570312e+01 1.795443916320800781e+01
-3.925333404541015625e+01 1.780814361572265625e+01
-3.902291488647460938e+01 1.766303825378417969e+01
-3.879249954223632812e+01 1.751911735534667969e+01
-3.856207656860351562e+01 1.737636756896972656e+01
-3.833165359497070312e+01 1.723477745056152344e+01
-3.810123062133789062e+01 1.709434127807617188e+01
-3.787081527709960938e+01 1.695505332946777344e+01
-3.764039230346679688e+01 1.681690025329589844e+01
-3.740997695922851562e+01 1.667987251281738281e+01
-3.717955398559570312e+01 1.654396247863769531e+01
-3.694913482666015625e+01 1.640915870666503906e+01
-3.671871566772460938e+01 1.627545356750488281e+01
-3.648830032348632812e+01 1.614283752441406250e+01
-3.625787734985351562e+01 1.601129913330078125e+01
-3.602745819091796875e+01 1.588084030151367188e+01
-3.579703903198242188e+01 1.575144004821777344e+01
-3.556661605834960938e+01 1.562309074401855469e+01
-3.533620071411132812e+01 1.549579048156738281e+01
-3.510578536987304688e+01 1.536952400207519531e+01
-3.487536239624023438e+01 1.524429035186767578e+01
-3.464494323730468750e+01 1.512007713317871094e+01
-3.441452407836914062e+01 1.499687576293945312e+01
-3.418410491943359375e+01 1.487467765808105469e+01
-3.395368576049804688e+01 1.475347614288330078e+01
-3.372326278686523438e+01 1.463326168060302734e+01
-3.349284744262695312e+01 1.451402759552001953e+01
-3.326242828369140625e+01 1.439576435089111328e+01
-3.303200912475585938e+01 1.427846145629882812e+01
-3.280158615112304688e+01 1.416211795806884766e+01
-3.257116317749023438e+01 1.404671859741210938e+01
-3.234074783325195312e+01 1.393226337432861328e+01
-3.211032485961914062e+01 1.381874084472656250e+01
-3.187990760803222656e+01 1.370614242553710938e+01
-3.164948844909667969e+01 1.359446239471435547e+01
-3.141907119750976562e+01 1.348369216918945312e+01
-3.118865013122558594e+01 1.337382125854492188e+01
-3.095823097229003906e+01 1.326484870910644531e+01
-3.072781181335449219e+01 1.315676403045654297e+01
-3.049739265441894531e+01 1.304956054687500000e+01
-3.026697540283203125e+01 1.294322681427001953e+01
-3.003655433654785156e+01 1.283776569366455078e+01
-2.980613517761230469e+01 1.273316097259521484e+01
-2.957571411132812500e+01 1.262940597534179688e+01
-2.934529685974121094e+01 1.252649879455566406e+01
-2.911487770080566406e+01 1.242443084716796875e+01
-2.888445854187011719e+01 1.232319450378417969e+01
-2.865403747558593750e+01 1.222278213500976562e+01
-2.842362022399902344e+01 1.212318897247314453e+01
-2.819320106506347656e+01 1.202440357208251953e+01
-2.796277999877929688e+01 1.192642974853515625e+01
-2.773236083984375000e+01 1.182924747467041016e+01
-2.750194168090820312e+01 1.173286056518554688e+01
-2.727152061462402344e+01 1.163725948333740234e+01
-2.704110336303710938e+01 1.154243659973144531e+01
-2.681067848205566406e+01 1.144838428497314453e+01
-2.658025932312011719e+01 1.135510063171386719e+01
-2.634983825683593750e+01 1.126257419586181641e+01
-2.611942100524902344e+01 1.117080402374267578e+01
-2.588899993896484375e+01 1.107978248596191406e+01
-2.565858268737792969e+01 1.098950195312500000e+01
-2.542816352844238281e+01 1.089995765686035156e+01
-2.519774436950683594e+01 1.081114006042480469e+01
-2.496732139587402344e+01 1.072305107116699219e+01
-2.473690414428710938e+01 1.063567543029785156e+01
-2.450648498535156250e+01 1.054901409149169922e+01
-2.427606773376464844e+01 1.046305847167968750e+01
-2.404564476013183594e+01 1.037780284881591797e+01
-2.381522750854492188e+01 1.029324340820312500e+01
-2.358480834960937500e+01 1.020937156677246094e+01
-2.335439109802246094e+01 1.012618350982666016e+01
-2.312396812438964844e+01 1.004367160797119141e+01
-2.289355087280273438e+01 9.961833000183105469e+00
-2.266313362121582031e+01 9.880661964416503906e+00
-2.243271064758300781e+01 9.800150871276855469e+00
-2.220229148864746094e+01 9.720299720764160156e+00
-2.197187423706054688e+01 9.641094207763671875e+00
-2.174145317077636719e+01 9.562536239624023438e+00
-2.151103401184082031e+01 9.484619140625000000e+00
-2.128061676025390625e+01 9.407337188720703125e+00
-2.105019187927246094e+01 9.330681800842285156e+00
-2.081977272033691406e+01 9.254653930664062500e+00
-2.058935356140136719e+01 9.179244995117187500e+00
-2.035893249511718750e+01 9.104448318481445312e+00
-2.012851333618164062e+01 9.030263900756835938e+00
-1.989809608459472656e+01 8.956683158874511719e+00
-1.966767501831054688e+01 8.883702278137207031e+00
-1.943725395202636719e+01 8.811316490173339844e+00
-1.920683479309082031e+01 8.739520072937011719e+00
-1.897641563415527344e+01 8.668308258056640625e+00
-1.874599647521972656e+01 8.597677230834960938e+00
-1.851557731628417969e+01 8.527622222900390625e+00
-1.828515815734863281e+01 8.458135604858398438e+00
-1.805474090576171875e+01 8.389216423034667969e+00
-1.782431983947753906e+01 8.320859909057617188e+00
-1.759390068054199219e+01 8.253059387207031250e+00
-1.736348152160644531e+01 8.185811996459960938e+00
-1.713306236267089844e+01 8.119111061096191406e+00
-1.690264320373535156e+01 8.052954673767089844e+00
-1.667308616638183594e+01 7.987375736236572266e+00
-1.644809722900390625e+01 7.922568798065185547e+00
-1.626030158996582031e+01 7.860108852386474609e+00
-1.608039093017578125e+01 7.798506259918212891e+00
-1.590048313140869141e+01 7.737385749816894531e+00
-1.572057342529296875e+01 7.676744937896728516e+00
-1.554065990447998047e+01 7.616579055786132812e+00
-1.536075019836425781e+01 7.556884765625000000e+00
-1.518084239959716797e+01 7.497658252716064453e+00
-1.500093460083007812e+01 7.438896179199218750e+00
-1.482102489471435547e+01 7.380594253540039062e+00
-1.466023921966552734e+01 7.324097633361816406e+00
-1.450130844116210938e+01 7.268161296844482422e+00
-1.434237861633300781e+01 7.212653160095214844e+00
-1.418344783782958984e+01 7.157567977905273438e+00
-1.402451801300048828e+01 7.102904796600341797e+00
-1.386558723449707031e+01 7.048658847808837891e+00
-1.370665645599365234e+01 6.994826793670654297e+00
-1.354772472381591797e+01 6.941405773162841797e+00
-1.338879489898681641e+01 6.888392925262451172e+00
-1.322986412048339844e+01 6.835784435272216797e+00
-1.307093429565429688e+01 6.783578395843505859e+00
-1.291200351715087891e+01 6.731771469116210938e+00
-1.275307273864746094e+01 6.680358886718750000e+00
-1.259414291381835938e+01 6.629339694976806641e+00
-1.243521213531494141e+01 6.578710079193115234e+00
-1.227628231048583984e+01 6.528468132019042969e+00
-1.211735057830810547e+01 6.478608131408691406e+00
-1.195842075347900391e+01 6.429130077362060547e+00
-1.179949092864990234e+01 6.380029678344726562e+00
-1.164055919647216797e+01 6.331303596496582031e+00
-1.148162555694580078e+01 6.282948970794677734e+00
-1.132269477844238281e+01 6.234965324401855469e+00
-1.116376399993896484e+01 6.187346935272216797e+00
-1.100483322143554688e+01 6.140093326568603516e+00
-1.084590244293212891e+01 6.093200683593750000e+00
-1.068697261810302734e+01 6.046665191650390625e+00
-1.052804183959960938e+01 6.000485897064208984e+00
-1.036911106109619141e+01 5.954658985137939453e+00
-1.021018028259277344e+01 5.909181594848632812e+00
-1.005124950408935547e+01 5.864052295684814453e+00
-9.892319679260253906e+00 5.819267749786376953e+00
-9.733388900756835938e+00 5.774824619293212891e+00
-9.574458122253417969e+00 5.730720996856689453e+00
-9.415528297424316406e+00 5.686954975128173828e+00
-9.266768455505371094e+00 5.644906520843505859e+00
-9.129406929016113281e+00 5.604590415954589844e+00
-8.994913101196289062e+00 5.564931392669677734e+00
-8.861675262451171875e+00 5.525701522827148438e+00
-8.728438377380371094e+00 5.486747264862060547e+00
-8.616127014160156250e+00 5.451219081878662109e+00
-8.514859199523925781e+00 5.417588233947753906e+00
-8.418515205383300781e+00 5.384917259216308594e+00
-8.322172164916992188e+00 5.352443218231201172e+00
-8.225828170776367188e+00 5.320166110992431641e+00
-8.129485130310058594e+00 5.288081645965576172e+00
-8.033141136169433594e+00 5.256193637847900391e+00
-7.936799049377441406e+00 5.224504947662353516e+00
-7.840457916259765625e+00 5.193006038665771484e+00
-7.744114875793457031e+00 5.161697387695312500e+00
-7.647772789001464844e+00 5.130577564239501953e+00
-7.551430702209472656e+00 5.099646091461181641e+00
-7.455087184906005859e+00 5.068899631500244141e+00
-7.358744621276855469e+00 5.038339138031005859e+00
-7.262402534484863281e+00 5.007963180541992188e+00
-7.166059970855712891e+00 4.977770805358886719e+00
-7.069717884063720703e+00 4.947759628295898438e+00
-6.973375320434570312e+00 4.917929649353027344e+00
-6.877032756805419922e+00 4.888279438018798828e+00
-6.780691146850585938e+00 4.858808040618896484e+00
-6.684349060058593750e+00 4.829514026641845703e+00
-6.588006973266601562e+00 4.800397872924804688e+00
-6.491664409637451172e+00 4.771456241607666016e+00
-6.395321846008300781e+00 4.742689132690429688e+00
-6.298979759216308594e+00 4.714096069335937500e+00
-6.202636241912841797e+00 4.685674190521240234e+00
-6.106293678283691406e+00 4.657423973083496094e+00
-6.009951591491699219e+00 4.629344940185546875e+00
-5.913609027862548828e+00 4.601434707641601562e+00
-5.817266464233398438e+00 4.573692798614501953e+00
-5.720924854278564453e+00 4.546117782592773438e+00
-5.624582290649414062e+00 4.518709182739257812e+00
-5.528240203857421875e+00 4.491466045379638672e+00
-5.431898117065429688e+00 4.464386940002441406e+00
-5.335555553436279297e+00 4.437471866607666016e+00
-5.239213943481445312e+00 4.410718441009521484e+00
-5.142870903015136719e+00 4.384125709533691406e+00
-5.046527862548828125e+00 4.357694149017333984e+00
-4.950185775756835938e+00 4.331421375274658203e+00
-4.853842735290527344e+00 4.305307388305664062e+00
-4.757500648498535156e+00 4.279351234436035156e+00
-4.661158561706542969e+00 4.253551006317138672e+00
-4.564815998077392578e+00 4.227906227111816406e+00
-4.468473911285400391e+00 4.202416419982910156e+00
-4.372131824493408203e+00 4.177079677581787109e+00
-4.275789260864257812e+00 4.151895999908447266e+00
-4.179447650909423828e+00 4.126864910125732422e+00
-4.083105087280273438e+00 4.101984024047851562e+00
-3.986762046813964844e+00 4.077253341674804688e+00
-3.890420436859130859e+00 4.052671909332275391e+00
-3.794076919555664062e+00 4.028237819671630859e+00
-3.697734355926513672e+00 4.003951549530029297e+00
-3.601392269134521484e+00 3.979811668395996094e+00
-3.505050182342529297e+00 3.955817461013793945e+00
-3.408707618713378906e+00 3.931968212127685547e+00
-3.312365531921386719e+00 3.908262491226196289e+00
-3.216022968292236328e+00 3.884699583053588867e+00
-3.119680881500244141e+00 3.861278772354125977e+00
-3.023338794708251953e+00 3.837999105453491211e+00
-2.926996231079101562e+00 3.814860105514526367e+00
-2.830654144287109375e+00 3.791860342025756836e+00
-2.734311580657958984e+00 3.768999338150024414e+00
-2.637968540191650391e+00 3.746275901794433594e+00
-2.541625976562500000e+00 3.723689794540405273e+00
-2.445283412933349609e+00 3.701239585876464844e+00
-2.348941802978515625e+00 3.678924798965454102e+00
-2.252599239349365234e+00 3.656744956970214844e+00
-2.156257152557373047e+00 3.634698390960693359e+00
-2.059914588928222656e+00 3.612784862518310547e+00
-1.963572382926940918e+00 3.591003417968750000e+00
-1.867230057716369629e+00 3.569353103637695312e+00
-1.770887970924377441e+00 3.547833919525146484e+00
-1.674545645713806152e+00 3.526444196701049805e+00
-1.578203320503234863e+00 3.505183219909667969e+00
-1.481861114501953125e+00 3.484050512313842773e+00
-1.385517477989196777e+00 3.463045120239257812e+00
-1.289175391197204590e+00 3.442166328430175781e+00
-1.192833065986633301e+00 3.421413660049438477e+00
-1.096490740776062012e+00 3.400785923004150391e+00
-1.000148534774780273e+00 3.380282878875732422e+00
-9.038063287734985352e-01 3.359903097152709961e+00
-8.074640035629272461e-01 3.339646339416503906e+00
-7.111215591430664062e-01 3.319511651992797852e+00
-6.147793531417846680e-01 3.299498319625854492e+00
-5.184369087219238281e-01 3.279605865478515625e+00
-4.220948219299316406e-01 3.259833097457885742e+00
-3.257525563240051270e-01 3.240179777145385742e+00
-2.294089794158935547e-01 3.220644712448120117e+00
-1.495116651058197021e-01 3.204589128494262695e+00
-9.449732303619384766e-02 3.193671464920043945e+00
-5.041936039924621582e-02 3.185003042221069336e+00
-1.662653684616088867e-02 3.178436279296875000e+00
1.628515124320983887e-02 3.172058343887329102e+00
4.223220050334930420e-02 3.167077302932739258e+00
6.817923486232757568e-02 3.162103891372680664e+00
9.412631392478942871e-02 3.157138586044311523e+00
1.200733035802841187e-01 3.152180910110473633e+00
1.460200250148773193e-01 3.147230863571166992e+00
1.719604432582855225e-01 3.142290353775024414e+00
1.971948593854904175e-01 3.137496709823608398e+00
2.155638784170150757e-01 3.134047031402587891e+00
2.244221717119216919e-01 3.132428169250488281e+00
2.291297614574432373e-01 3.131592988967895508e+00
2.312747836112976074e-01 3.131232500076293945e+00
2.334198057651519775e-01 3.130872249603271484e+00
2.355648279190063477e-01 3.130511760711669922e+00
2.377098500728607178e-01 3.130151748657226562e+00
2.398548573255538940e-01 3.129791259765625000e+00
2.414648383855819702e-01 3.129522323608398438e+00
2.415068596601486206e-01 3.129519701004028320e+00
2.415056377649307251e-01 3.129524469375610352e+00
2.415044158697128296e-01 3.129529237747192383e+00
2.415031939744949341e-01 3.129534244537353516e+00
2.415019571781158447e-01 3.129539012908935547e+00
2.415007352828979492e-01 3.129543781280517578e+00
2.414995133876800537e-01 3.129548788070678711e+00
2.414982914924621582e-01 3.129553556442260742e+00
2.414970546960830688e-01 3.129558801651000977e+00
2.414958328008651733e-01 3.129563570022583008e+00
2.414946109056472778e-01 3.129568576812744141e+00
2.414933890104293823e-01 3.129573345184326172e+00
2.414921671152114868e-01 3.129578113555908203e+00
2.414909303188323975e-01 3.129583120346069336e+00
2.414897084236145020e-01 3.129587888717651367e+00
2.414884865283966064e-01 3.129592657089233398e+00
2.414872646331787109e-01 3.129597663879394531e+00
2.414860278367996216e-01 3.129602432250976562e+00
2.414848059415817261e-01 3.129607200622558594e+00
2.414835840463638306e-01 3.129612207412719727e+00
2.414823621511459351e-01 3.129616975784301758e+00
2.414811402559280396e-01 3.129621744155883789e+00
2.414799034595489502e-01 3.129626750946044922e+00
2.414786815643310547e-01 3.129631519317626953e+00
2.414774596691131592e-01 3.129636287689208984e+00
2.414762377738952637e-01 3.129641294479370117e+00
2.414750009775161743e-01 3.129646062850952148e+00
2.414737790822982788e-01 3.129650831222534180e+00
2.414725571870803833e-01 3.129655838012695312e+00
2.414713352918624878e-01 3.129660606384277344e+00
2.414700984954833984e-01 3.129665374755859375e+00
2.414688766002655029e-01 3.129670381546020508e+00
2.414676547050476074e-01 3.129675149917602539e+00
2.414664328098297119e-01 3.129679918289184570e+00
2.414652109146118164e-01 3.129684925079345703e+00
2.414639741182327271e-01 3.129690170288085938e+00
2.414627522230148315e-01 3.129694938659667969e+00
2.414615303277969360e-01 3.129699707031250000e+00
2.414603084325790405e-01 3.129704713821411133e+00
2.414590716361999512e-01 3.129709482192993164e+00
2.414578497409820557e-01 3.129714250564575195e+00
2.414566278457641602e-01 3.129719257354736328e+00
2.414554059505462646e-01 3.129724025726318359e+00
2.413241267204284668e-01 3.130417346954345703e+00
2.411813139915466309e-01 3.131171941757202148e+00
2.410385161638259888e-01 3.131927251815795898e+00
2.408957034349441528e-01 3.132682323455810547e+00
2.407528907060623169e-01 3.133437395095825195e+00
2.406100928783416748e-01 3.134192705154418945e+00
2.404672801494598389e-01 3.134948253631591797e+00
2.403244674205780029e-01 3.135704040527343750e+00
2.401816546916961670e-01 3.136460304260253906e+00
2.400388568639755249e-01 3.137216567993164062e+00
2.398960441350936890e-01 3.137972831726074219e+00
2.397532314062118530e-01 3.138729333877563477e+00
2.396104335784912109e-01 3.139485836029052734e+00
2.394676208496093750e-01 3.140242815017700195e+00
2.393248081207275391e-01 3.141000032424926758e+00
2.391820102930068970e-01 3.141757249832153320e+00
2.390391975641250610e-01 3.142514705657958984e+00
2.388514429330825806e-01 3.143624544143676758e+00
2.386542409658432007e-01 3.144808530807495117e+00
2.384570240974426270e-01 3.145993471145629883e+00
2.382598072290420532e-01 3.147178888320922852e+00
2.380626052618026733e-01 3.148364067077636719e+00
2.378653883934020996e-01 3.149550437927246094e+00
2.376681715250015259e-01 3.150737047195434570e+00
2.374709695577621460e-01 3.151923894882202148e+00
2.372737526893615723e-01 3.153111457824707031e+00
2.370765358209609985e-01 3.154299259185791016e+00
2.368793189525604248e-01 3.155487775802612305e+00
2.366821169853210449e-01 3.156676292419433594e+00
2.364849001169204712e-01 3.157865762710571289e+00
2.362876832485198975e-01 3.159055471420288086e+00
2.360904812812805176e-01 3.160245418548583984e+00
2.358932644128799438e-01 3.161436080932617188e+00
2.356960475444793701e-01 3.162627220153808594e+00
2.354988455772399902e-01 3.163818359375000000e+00
2.353016287088394165e-01 3.165010452270507812e+00
2.351044118404388428e-01 3.166203022003173828e+00
2.349072098731994629e-01 3.167395591735839844e+00
2.347099930047988892e-01 3.168588876724243164e+00
2.345127761363983154e-01 3.169782638549804688e+00
2.343155592679977417e-01 3.170976638793945312e+00
2.341183573007583618e-01 3.172171354293823242e+00
2.339211404323577881e-01 3.173366546630859375e+00
2.337239235639572144e-01 3.174562215805053711e+00
2.335267215967178345e-01 3.175757884979248047e+00
2.333295047283172607e-01 3.176954507827758789e+00
2.331322878599166870e-01 3.178151369094848633e+00
2.329350858926773071e-01 3.179348468780517578e+00
2.327378690242767334e-01 3.180546283721923828e+00
2.325406521558761597e-01 3.181744813919067383e+00
2.323434352874755859e-01 3.182943105697631836e+00
2.321462333202362061e-01 3.184142351150512695e+00
2.319490164518356323e-01 3.185342073440551758e+00
2.317517995834350586e-01 3.186541795730590820e+00
2.315545976161956787e-01 3.187742471694946289e+00
2.313573807477951050e-01 3.188943386077880859e+00
2.311601638793945312e-01 3.190144538879394531e+00
2.309629619121551514e-01 3.191346645355224609e+00
2.307657450437545776e-01 3.192548990249633789e+00
2.305685281753540039e-01 3.193751573562622070e+00
2.303713262081146240e-01 3.194954872131347656e+00
2.301741093397140503e-01 3.196158647537231445e+00
2.299768924713134766e-01 3.197362661361694336e+00
2.297796756029129028e-01 3.198567152023315430e+00
2.295824736356735229e-01 3.199772119522094727e+00
2.293852567672729492e-01 3.200977802276611328e+00
2.291880398988723755e-01 3.202183485031127930e+00
2.289908379316329956e-01 3.203389883041381836e+00
2.287936210632324219e-01 3.204596996307373047e+00
2.285964041948318481e-01 3.205803871154785156e+00
2.283991873264312744e-01 3.207011699676513672e+00
2.282019853591918945e-01 3.208220005035400391e+00
2.280047684907913208e-01 3.209428548812866211e+00
2.278075516223907471e-01 3.210637569427490234e+00
2.276103496551513672e-01 3.211847305297851562e+00
2.274131327867507935e-01 3.213057041168212891e+00
2.272159159183502197e-01 3.214267730712890625e+00
2.270187139511108398e-01 3.215478658676147461e+00
2.268214970827102661e-01 3.216689825057983398e+00
2.266242802143096924e-01 3.217901945114135742e+00
2.264270782470703125e-01 3.219114303588867188e+00
2.262298613786697388e-01 3.220327138900756836e+00
2.260326445102691650e-01 3.221539974212646484e+00
2.258354425430297852e-01 3.222753763198852539e+00
2.256382256746292114e-01 3.223968029022216797e+00
2.254410088062286377e-01 3.225182533264160156e+00
2.252437919378280640e-01 3.226397514343261719e+00
2.250465899705886841e-01 3.227613210678100586e+00
2.248493731021881104e-01 3.228828907012939453e+00
2.246521562337875366e-01 3.230045318603515625e+00
2.244549542665481567e-01 3.231262445449829102e+00
2.242577373981475830e-01 3.232479572296142578e+00
2.240605205297470093e-01 3.233697414398193359e+00
2.238633036613464355e-01 3.234915733337402344e+00
2.236661016941070557e-01 3.236134290695190430e+00
2.234688848257064819e-01 3.237353563308715820e+00
2.232716679573059082e-01 3.238573312759399414e+00
2.230744659900665283e-01 3.239793062210083008e+00
2.228772491216659546e-01 3.241013765335083008e+00
2.226800322532653809e-01 3.242234945297241211e+00
2.224828302860260010e-01 3.243456363677978516e+00
2.222856134176254272e-01 3.244678020477294922e+00
2.220883965492248535e-01 3.245900630950927734e+00
2.218911945819854736e-01 3.247123479843139648e+00
2.216939777135848999e-01 3.248346567153930664e+00
2.214967608451843262e-01 3.249570369720458984e+00
2.212995588779449463e-01 3.250794887542724609e+00
2.211023420095443726e-01 3.252019166946411133e+00
2.209051251411437988e-01 3.253244400024414062e+00
2.207079082727432251e-01 3.254470348358154297e+00
2.205107063055038452e-01 3.255696058273315430e+00
2.203134894371032715e-01 3.256922721862792969e+00
2.201162725687026978e-01 3.258149862289428711e+00
2.199190557003021240e-01 3.259377002716064453e+00
2.197218537330627441e-01 3.260605096817016602e+00
2.195246368646621704e-01 3.261833667755126953e+00
2.193274199962615967e-01 3.263062238693237305e+00
2.191302180290222168e-01 3.264291524887084961e+00
2.189330011606216431e-01 3.265521526336669922e+00
2.187357842922210693e-01 3.266751766204833984e+00
2.185385823249816895e-01 3.267982244491577148e+00
2.183413654565811157e-01 3.269213438034057617e+00
2.181441485881805420e-01 3.270445346832275391e+00
2.179469466209411621e-01 3.271677017211914062e+00
2.177497297525405884e-01 3.272909879684448242e+00
2.175525128841400146e-01 3.274142980575561523e+00
2.173553109169006348e-01 3.275376081466674805e+00
2.171580940485000610e-01 3.276610136032104492e+00
2.169608771800994873e-01 3.277844667434692383e+00
2.167636752128601074e-01 3.279079437255859375e+00
2.165664583444595337e-01 3.280314922332763672e+00
2.163692414760589600e-01 3.281550884246826172e+00
2.161720246076583862e-01 3.282786846160888672e+00
2.159748077392578125e-01 3.284023523330688477e+00
2.157776057720184326e-01 3.285260915756225586e+00
2.155803889036178589e-01 3.286498308181762695e+00
2.153831720352172852e-01 3.287736654281616211e+00
2.151859700679779053e-01 3.288975477218627930e+00
2.149967849254608154e-01 3.290232658386230469e+00
2.148695588111877441e-01 3.291632413864135742e+00
2.147423326969146729e-01 3.293032646179199219e+00
2.146150916814804077e-01 3.294433593750000000e+00
2.144878655672073364e-01 3.295834779739379883e+00
2.143606394529342651e-01 3.297236919403076172e+00
2.142334133386611938e-01 3.298639774322509766e+00
2.141061723232269287e-01 3.300043106079101562e+00
2.139789462089538574e-01 3.301446676254272461e+00
2.138517200946807861e-01 3.302851200103759766e+00
2.137244939804077148e-01 3.304256200790405273e+00
2.135972529649734497e-01 3.305661916732788086e+00
2.134700268507003784e-01 3.307068347930908203e+00
2.133428007364273071e-01 3.308474779129028320e+00
2.133404314517974854e-01 3.310098648071289062e+00
2.144939005374908447e-01 3.313723325729370117e+00
2.164261192083358765e-01 3.318662405014038086e+00
2.207334041595458984e-01 3.327386617660522461e+00
2.278356552124023438e-01 3.340492010116577148e+00
2.349379360675811768e-01 3.353649377822875977e+00
2.420402020215988159e-01 3.366858720779418945e+00
2.491424977779388428e-01 3.380120038986206055e+00
2.562448382377624512e-01 3.393433570861816406e+00
2.633471190929412842e-01 3.406799554824829102e+00
2.704493701457977295e-01 3.420217990875244141e+00
2.775516510009765625e-01 3.433689355850219727e+00
2.846539020538330078e-01 3.447213888168334961e+00
2.917561531066894531e-01 3.460791349411010742e+00
2.996143698692321777e-01 3.475294589996337891e+00
3.083958029747009277e-01 3.490927934646606445e+00
3.171772956848144531e-01 3.506631851196289062e+00
3.259587287902832031e-01 3.522406101226806641e+00
3.347401618957519531e-01 3.538251399993896484e+00
3.435216546058654785e-01 3.554168462753295898e+00
3.523030877113342285e-01 3.570156574249267578e+00
3.612079024314880371e-01 3.586338520050048828e+00
3.719109892845153809e-01 3.604380607604980469e+00
3.826140165328979492e-01 3.622512817382812500e+00
3.958320617675781250e-01 3.642983675003051758e+00
4.125632941722869873e-01 3.666729450225830078e+00
4.292945563793182373e-01 3.690629720687866211e+00
4.465675354003906250e-01 3.715128660202026367e+00
4.659377038478851318e-01 3.741477727890014648e+00
4.887758493423461914e-01 3.770426034927368164e+00
5.167911052703857422e-01 3.803075075149536133e+00
5.480514168739318848e-01 3.838143110275268555e+00
5.793117284774780273e-01 3.873534679412841797e+00
6.114664077758789062e-01 3.909787178039550781e+00
6.501742005348205566e-01 3.950330734252929688e+00
7.086507678031921387e-01 4.002503395080566406e+00
7.732770442962646484e-01 4.058903217315673828e+00
8.379035592079162598e-01 4.116097450256347656e+00
9.025300741195678711e-01 4.174098014831542969e+00
9.671566486358642578e-01 4.232915878295898438e+00
1.038641214370727539e+00 4.295611858367919922e+00
1.122660636901855469e+00 4.364885807037353516e+00
1.223826646804809570e+00 4.442751884460449219e+00
1.325099706649780273e+00 4.522054195404052734e+00
1.431043982505798340e+00 4.604158401489257812e+00
1.539647698402404785e+00 4.688405513763427734e+00
1.654384970664978027e+00 4.775552749633789062e+00
1.770033717155456543e+00 4.864525794982910156e+00
1.886567950248718262e+00 4.955280780792236328e+00
2.006370067596435547e+00 5.048199653625488281e+00
2.126171588897705078e+00 5.142859935760498047e+00
2.245973587036132812e+00 5.239295482635498047e+00
2.365775585174560547e+00 5.337539196014404297e+00
2.485577583312988281e+00 5.437625408172607422e+00
2.607423305511474609e+00 5.539417266845703125e+00
2.732413768768310547e+00 5.642269611358642578e+00
2.861865043640136719e+00 5.744923114776611328e+00
2.991485595703125000e+00 5.849207878112792969e+00
3.121160984039306641e+00 5.955313205718994141e+00
3.250833988189697266e+00 6.063341140747070312e+00
3.380507469177246094e+00 6.173328876495361328e+00
3.510180473327636719e+00 6.285311222076416016e+00
3.639854431152343750e+00 6.399326324462890625e+00
3.769527912139892578e+00 6.515409469604492188e+00
3.899201393127441406e+00 6.633596897125244141e+00
4.028874397277832031e+00 6.753929138183593750e+00
4.158548355102539062e+00 6.876444816589355469e+00
4.288221836090087891e+00 7.001182079315185547e+00
4.417895317077636719e+00 7.128182411193847656e+00
4.547568798065185547e+00 7.257485866546630859e+00
4.677242279052734375e+00 7.389135360717773438e+00
4.806917190551757812e+00 7.523174762725830078e+00
4.936591148376464844e+00 7.659643650054931641e+00
5.066264152526855469e+00 7.798587799072265625e+00
5.195937156677246094e+00 7.940052509307861328e+00
5.325611114501953125e+00 8.084083557128906250e+00
5.455284595489501953e+00 8.230727195739746094e+00
5.584958076477050781e+00 8.380031585693359375e+00
5.714632034301757812e+00 8.532043457031250000e+00
5.844305038452148438e+00 8.686812400817871094e+00
5.973978042602539062e+00 8.844389915466308594e+00
6.103652000427246094e+00 9.004825592041015625e+00
6.233325004577636719e+00 9.168170928955078125e+00
6.362999916076660156e+00 9.334482192993164062e+00
6.492673873901367188e+00 9.503809928894042969e+00
6.622347354888916016e+00 9.676204681396484375e+00
6.752020835876464844e+00 9.851731300354003906e+00
6.881693840026855469e+00 1.003044033050537109e+01
7.011368274688720703e+00 1.021238994598388672e+01
7.141041278839111328e+00 1.039764118194580078e+01
7.270714282989501953e+00 1.058625221252441406e+01
7.400388717651367188e+00 1.077828502655029297e+01
7.530061244964599609e+00 1.097380065917968750e+01
7.659735679626464844e+00 1.117286300659179688e+01
7.789408683776855469e+00 1.137553691864013672e+01
7.919082164764404297e+00 1.158188629150390625e+01
8.048755645751953125e+00 1.179197978973388672e+01
8.178428649902343750e+00 1.200588417053222656e+01
8.308102607727050781e+00 1.222366809844970703e+01
8.437775611877441406e+00 1.244540309906005859e+01
8.567449569702148438e+00 1.267116069793701172e+01
8.697122573852539062e+00 1.290101242065429688e+01
8.826798439025878906e+00 1.313504123687744141e+01
8.956472396850585938e+00 1.337330818176269531e+01
9.086146354675292969e+00 1.361589717864990234e+01
9.215819358825683594e+00 1.386288642883300781e+01
9.345493316650390625e+00 1.411435699462890625e+01
9.475167274475097656e+00 1.437038803100585938e+01
9.604840278625488281e+00 1.463106441497802734e+01
9.734513282775878906e+00 1.489646911621093750e+01
9.864187240600585938e+00 1.516668796539306641e+01
9.993861198425292969e+00 1.544180870056152344e+01
1.012353420257568359e+01 1.572192001342773438e+01
1.025320720672607422e+01 1.600711250305175781e+01
1.038288021087646484e+01 1.629747772216796875e+01
1.051255512237548828e+01 1.659311103820800781e+01
1.064222812652587891e+01 1.689411163330078125e+01
1.077190113067626953e+01 1.720056724548339844e+01
1.090157413482666016e+01 1.751257705688476562e+01
1.103124713897705078e+01 1.783025550842285156e+01
1.116092109680175781e+01 1.815369415283203125e+01
1.129059505462646484e+01 1.848299407958984375e+01
1.142026901245117188e+01 1.881827545166015625e+01
1.154994297027587891e+01 1.915963554382324219e+01
1.167961597442626953e+01 1.950718688964843750e+01
1.180928897857666016e+01 1.986104393005371094e+01
1.193896293640136719e+01 2.022131919860839844e+01
1.206863975524902344e+01 2.058814048767089844e+01
1.219831275939941406e+01 2.096159934997558594e+01
1.232798671722412109e+01 2.134184455871582031e+01
1.245765972137451172e+01 2.172898101806640625e+01
1.258733272552490234e+01 2.212314605712890625e+01
1.271700572967529297e+01 2.252445030212402344e+01
1.284668064117431641e+01 2.293303871154785156e+01
1.297635364532470703e+01 2.334903907775878906e+01
1.310602760314941406e+01 2.377259254455566406e+01
1.323569965362548828e+01 2.420381736755371094e+01
1.336537361145019531e+01 2.464286804199218750e+01
1.349504756927490234e+01 2.508988571166992188e+01
1.362472057342529297e+01 2.554501152038574219e+01
1.375439548492431641e+01 2.600839233398437500e+01
1.388406658172607422e+01 2.648017883300781250e+01
1.401374149322509766e+01 2.696052551269531250e+01
1.414341449737548828e+01 2.744958305358886719e+01
1.427308845520019531e+01 2.794751358032226562e+01
1.440276241302490234e+01 2.845447540283203125e+01
1.453243541717529297e+01 2.897064018249511719e+01
1.466210842132568359e+01 2.949615478515625000e+01
1.479178237915039062e+01 3.003120994567871094e+01
1.492145538330078125e+01 3.057596969604492188e+01
1.505112838745117188e+01 3.113061141967773438e+01
1.518080234527587891e+01 3.169531631469726562e+01
1.531047916412353516e+01 3.227028656005859375e+01
1.544015216827392578e+01 3.285565567016601562e+01
1.556982612609863281e+01 3.345164871215820312e+01
1.569950008392333984e+01 3.405845642089843750e+01
1.582917308807373047e+01 3.467627716064453125e+01
1.595884704589843750e+01 3.530530548095703125e+01
1.608852005004882812e+01 3.594573593139648438e+01
1.621819305419921875e+01 3.659778594970703125e+01
1.634786415100097656e+01 3.726165390014648438e+01
1.647753906250000000e+01 3.793757247924804688e+01
1.660721397399902344e+01 3.862575149536132812e+01
1.673688697814941406e+01 3.932640838623046875e+01
1.686655998229980469e+01 4.003979110717773438e+01
1.699623298645019531e+01 4.076611328125000000e+01
1.712590599060058594e+01 4.150559234619140625e+01
1.725557899475097656e+01 4.225849533081054688e+01
1.738525199890136719e+01 4.302505493164062500e+01
1.751492691040039062e+01 4.380553436279296875e+01
1.764459991455078125e+01 4.460015487670898438e+01
1.777427482604980469e+01 4.540919494628906250e+01
1.790394783020019531e+01 4.623290634155273438e+01
1.803362083435058594e+01 4.707155227661132812e+01
1.816329383850097656e+01 4.792542266845703125e+01
1.829296684265136719e+01 4.879478836059570312e+01
1.842264366149902344e+01 4.967991638183593750e+01
1.855231857299804688e+01 5.058111572265625000e+01
1.868199157714843750e+01 5.149865722656250000e+01
1.881166648864746094e+01 5.243283462524414062e+01
1.894133949279785156e+01 5.338395309448242188e+01
1.907101249694824219e+01 5.435231399536132812e+01
1.920068359375000000e+01 5.533828353881835938e+01
1.933035850524902344e+01 5.634207916259765625e+01
1.946003150939941406e+01 5.736414337158203125e+01
1.958970642089843750e+01 5.840468978881835938e+01
1.971937942504882812e+01 5.946416473388671875e+01
1.984905433654785156e+01 6.054280471801757812e+01
1.997872734069824219e+01 6.164106750488281250e+01
2.010840034484863281e+01 6.275919723510742188e+01
2.023807334899902344e+01 6.389766693115234375e+01
2.036774635314941406e+01 6.505672454833984375e+01
2.049741935729980469e+01 6.623686981201171875e+01
2.062709236145019531e+01 6.743836212158203125e+01
2.075676918029785156e+01 6.866171264648437500e+01
2.088644027709960938e+01 6.990719604492187500e+01
2.101611328125000000e+01 7.117533111572265625e+01
2.114578819274902344e+01 7.246640014648437500e+01
2.127546119689941406e+01 7.378096008300781250e+01
2.140513420104980469e+01 7.511933135986328125e+01
2.153480911254882812e+01 7.648198699951171875e+01
2.166448211669921875e+01 7.786931610107421875e+01
2.179415702819824219e+01 7.928192138671875000e+01
2.192383193969726562e+01 8.072008514404296875e+01
2.205350303649902344e+01 8.218428802490234375e+01
2.218317794799804688e+01 8.367513275146484375e+01
2.231285285949707031e+01 8.519294738769531250e+01
2.244252586364746094e+01 8.673837280273437500e+01
2.257219696044921875e+01 8.831179046630859375e+01
2.270187187194824219e+01 8.991374206542968750e+01
2.283154487609863281e+01 9.154476165771484375e+01
2.296121788024902344e+01 9.320536804199218750e+01
2.309089088439941406e+01 9.489614105224609375e+01
2.322056579589843750e+01 9.661749267578125000e+01
2.335023880004882812e+01 9.837010955810546875e+01
2.347991180419921875e+01 1.001545257568359375e+02
2.360958480834960938e+01 1.019712600708007812e+02
2.373925971984863281e+01 1.038210449218750000e+02
2.386893272399902344e+01 1.057043380737304688e+02
2.399860572814941406e+01 1.076217956542968750e+02
2.412827873229980469e+01 1.095740890502929688e+02
2.425795173645019531e+01 1.115616836547851562e+02
2.438762664794921875e+01 1.135854492187500000e+02
2.451729965209960938e+01 1.156458053588867188e+02
2.464697456359863281e+01 1.177435989379882812e+02
2.477664756774902344e+01 1.198794479370117188e+02
2.490632057189941406e+01 1.220540924072265625e+02
2.503599739074707031e+01 1.242681884765625000e+02
2.516567039489746094e+01 1.265223312377929688e+02
2.529534339904785156e+01 1.288174743652343750e+02
2.542501640319824219e+01 1.311541442871093750e+02
2.555469322204589844e+01 1.335333099365234375e+02
2.568436431884765625e+01 1.359555206298828125e+02
2.581403923034667969e+01 1.384217987060546875e+02
2.594371032714843750e+01 1.409326629638671875e+02
2.607338523864746094e+01 1.434892272949218750e+02
2.620306015014648438e+01 1.460920257568359375e+02
2.633273124694824219e+01 1.487420959472656250e+02
2.646240615844726562e+01 1.514402618408203125e+02
2.659207916259765625e+01 1.541874237060546875e+02
2.672175407409667969e+01 1.569842834472656250e+02
2.685142707824707031e+01 1.598320159912109375e+02
2.698110008239746094e+01 1.627313385009765625e+02
2.711077308654785156e+01 1.656832580566406250e+02
2.724044609069824219e+01 1.686887207031250000e+02
2.737011909484863281e+01 1.717486877441406250e+02
2.749979209899902344e+01 1.748641052246093750e+02
2.762946701049804688e+01 1.780361785888671875e+02
2.775914001464843750e+01 1.812656402587890625e+02
2.788881301879882812e+01 1.845538482666015625e+02
2.801848983764648438e+01 1.879017028808593750e+02
2.814816284179687500e+01 1.913101196289062500e+02
2.827783775329589844e+01 1.947805328369140625e+02
2.840751075744628906e+01 1.983137207031250000e+02
2.853718376159667969e+01 2.019111938476562500e+02
2.866685867309570312e+01 2.055737152099609375e+02
2.879653167724609375e+01 2.093028869628906250e+02
2.892620658874511719e+01 2.130997009277343750e+02
2.905587959289550781e+01 2.169651794433593750e+02
2.918555068969726562e+01 2.209010009765625000e+02
2.931522560119628906e+01 2.249079895019531250e+02
2.944489860534667969e+01 2.289878845214843750e+02
2.957457160949707031e+01 2.331415710449218750e+02
2.970424652099609375e+01 2.373708190917968750e+02
2.983391761779785156e+01 2.416765594482421875e+02
2.996359443664550781e+01 2.460606536865234375e+02
3.009326553344726562e+01 2.505240173339843750e+02
3.022294044494628906e+01 2.550686035156250000e+02
3.035261344909667969e+01 2.596953735351562500e+02
3.048228836059570312e+01 2.644063110351562500e+02
3.061195755004882812e+01 2.692024536132812500e+02
3.074163246154785156e+01 2.740858764648437500e+02
3.087130737304687500e+01 2.790576171875000000e+02
3.100098037719726562e+01 2.841197814941406250e+02
3.113065338134765625e+01 2.892735290527343750e+02
3.126032829284667969e+01 2.945210266113281250e+02
3.138999938964843750e+01 2.998634338378906250e+02
3.151967430114746094e+01 3.053030395507812500e+02
3.164935111999511719e+01 3.108413391113281250e+02
3.177902221679687500e+01 3.164797973632812500e+02
3.190869712829589844e+01 3.222208251953125000e+02
3.203837203979492188e+01 3.280656738281250000e+02
3.216804504394531250e+01 3.340168762207031250e+02
3.229772186279296875e+01 3.400757141113281250e+02
3.242739486694335938e+01 3.462448120117187500e+02
3.255706405639648438e+01 3.525254516601562500e+02
3.268674087524414062e+01 3.589203491210937500e+02
3.281641387939453125e+01 3.654312744140625000e+02
3.294608688354492188e+01 3.720599365234375000e+02
3.307575988769531250e+01 3.788088684082031250e+02
3.320543670654296875e+01 3.856805725097656250e+02
3.333510971069335938e+01 3.926765441894531250e+02
3.346478271484375000e+01 3.997998046875000000e+02
3.359445571899414062e+01 4.070519104003906250e+02
3.372413253784179688e+01 4.144359436035156250e+02
3.385380172729492188e+01 4.219535217285156250e+02
3.398347854614257812e+01 4.296078796386718750e+02
3.411314773559570312e+01 4.374006652832031250e+02
3.424282455444335938e+01 4.453356628417968750e+02
3.437249755859375000e+01 4.534137573242187500e+02
3.450217437744140625e+01 4.616388244628906250e+02
3.463184356689453125e+01 4.700126342773437500e+02
3.476151657104492188e+01 4.785383300781250000e+02
3.489118957519531250e+01 4.872191467285156250e+02
3.502086639404296875e+01 4.960569763183593750e+02
3.515053558349609375e+01 5.050551147460937500e+02
3.528021621704101562e+01 5.142169799804687500e+02
3.540988540649414062e+01 5.235449829101562500e+02
3.553956222534179688e+01 5.330417480468750000e+02
3.566923141479492188e+01 5.427107543945312500e+02
3.579890441894531250e+01 5.525556640625000000e+02
3.592857742309570312e+01 5.625792236328125000e+02
3.605825424194335938e+01 5.727845458984375000e+02
3.618792343139648438e+01 5.831744995117187500e+02
3.631760025024414062e+01 5.937534179687500000e+02
3.644727706909179688e+01 6.045236816406250000e+02
3.657694625854492188e+01 6.154893188476562500e+02
3.670662307739257812e+01 6.266544799804687500e+02
3.683629226684570312e+01 6.380222167968750000e+02
3.696596908569335938e+01 6.495954589843750000e+02
3.709564208984375000e+01 6.613793334960937500e+02
3.722531509399414062e+01 6.733769531250000000e+02
3.735498428344726562e+01 6.855915527343750000e+02
3.748466873168945312e+01 6.980283813476562500e+02
3.761433410644531250e+01 7.106894531250000000e+02
3.774401092529296875e+01 7.235822143554687500e+02
3.787368392944335938e+01 7.367075195312500000e+02
3.800335693359375000e+01 7.500709228515625000e+02
3.813302993774414062e+01 7.636773681640625000e+02
3.826270675659179688e+01 7.775307006835937500e+02
3.839237594604492188e+01 7.916345825195312500e+02
3.852205276489257812e+01 8.059950561523437500e+02
3.865172195434570312e+01 8.206152954101562500e+02
3.878139877319335938e+01 8.355014648437500000e+02
3.891107177734375000e+01 8.506569213867187500e+02
3.904074478149414062e+01 8.660880737304687500e+02
3.917041778564453125e+01 8.817982788085937500e+02
3.930009460449218750e+01 8.977943725585937500e+02
3.942976379394531250e+01 9.140797729492187500e+02
3.955944061279296875e+01 9.306614379882812500e+02
3.968911743164062500e+01 9.475438842773437500e+02
3.981878662109375000e+01 9.647316894531250000e+02
3.994845962524414062e+01 9.822321777343750000e+02
4.007813262939453125e+01 1.000049194335937500e+03
4.020780944824218750e+01 1.018190368652343750e+03
4.033748245239257812e+01 1.036659667968750000e+03
4.046715927124023438e+01 1.055464965820312500e+03
4.059682846069335938e+01 1.074610351562500000e+03
4.072650527954101562e+01 1.094104125976562500e+03
4.085617446899414062e+01 1.113950439453125000e+03
4.098585128784179688e+01 1.134157836914062500e+03
4.111552047729492188e+01 1.154730590820312500e+03
4.124519729614257812e+01 1.175677734375000000e+03
4.137487030029296875e+01 1.197003784179687500e+03
4.150454330444335938e+01 1.218717773437500000e+03
4.163421630859375000e+01 1.240824462890625000e+03
4.176388931274414062e+01 1.263333374023437500e+03
4.189356231689453125e+01 1.286249389648437500e+03
4.202323913574218750e+01 1.309582275390625000e+03
4.215291213989257812e+01 1.333337280273437500e+03
4.228258514404296875e+01 1.357524414062500000e+03
4.241225814819335938e+01 1.382148925781250000e+03
4.254193496704101562e+01 1.407221557617187500e+03
4.267160415649414062e+01 1.432747558593750000e+03
4.280128097534179688e+01 1.458738037109375000e+03
4.293095779418945312e+01 1.485199951171875000e+03
4.306062698364257812e+01 1.512140380859375000e+03
4.319030380249023438e+01 1.539571044921875000e+03
4.331997299194335938e+01 1.567497802734375000e+03
4.344964981079101562e+01 1.595932739257812500e+03
4.357931900024414062e+01 1.624881835937500000e+03
4.370899581909179688e+01 1.654359252929687500e+03
4.383866500854492188e+01 1.684366577148437500e+03
4.396834564208984375e+01 1.714921508789062500e+03
4.409801864624023438e+01 1.746028930664062500e+03
4.422769165039062500e+01 1.777702392578125000e+03
4.435736465454101562e+01 1.809948730468750000e+03
4.448704147338867188e+01 1.842781738281250000e+03
4.461671066284179688e+01 1.876208496093750000e+03
4.474638366699218750e+01 1.910243530273437500e+03
4.487605667114257812e+01 1.944894042968750000e+03
4.500573348999023438e+01 1.980174926757812500e+03
4.513540267944335938e+01 2.016093994140625000e+03
4.526507949829101562e+01 2.052666503906250000e+03
4.539474868774414062e+01 2.089900390625000000e+03
4.552442550659179688e+01 2.127811767578125000e+03
4.565409851074218750e+01 2.166408935546875000e+03
4.578377151489257812e+01 2.205708251953125000e+03
4.591344451904296875e+01 2.245720458984375000e+03
4.604311752319335938e+01 2.286456298828125000e+03
4.617279434204101562e+01 2.327933105468750000e+03
4.630246353149414062e+01 2.370160156250000000e+03
4.643214035034179688e+01 2.413155761718750000e+03
4.656181335449218750e+01 2.456930908203125000e+03
4.669149017333984375e+01 2.501498046875000000e+03
4.682115936279296875e+01 2.546873535156250000e+03
4.695083618164062500e+01 2.593074462890625000e+03
4.708050537109375000e+01 2.640111083984375000e+03
4.721018600463867188e+01 2.688003417968750000e+03
4.733985519409179688e+01 2.736761962890625000e+03
4.746953201293945312e+01 2.786407714843750000e+03
4.759920120239257812e+01 2.836951171875000000e+03
4.772887802124023438e+01 2.888414306640625000e+03
4.785854721069335938e+01 2.940808105468750000e+03
4.798822402954101562e+01 2.994155273437500000e+03
4.811789321899414062e+01 3.048467285156250000e+03
4.824757003784179688e+01 3.103767333984375000e+03
4.837723922729492188e+01 3.160070556640625000e+03
4.850691986083984375e+01 3.217392089843750000e+03
4.863658523559570312e+01 3.275753173828125000e+03
4.876626968383789062e+01 3.335176269531250000e+03
4.889593887329101562e+01 3.395674316406250000e+03
4.902561569213867188e+01 3.457272705078125000e+03
4.915528106689453125e+01 3.519985351562500000e+03
4.928496170043945312e+01 3.583842285156250000e+03
4.941463470458984375e+01 3.648854248046875000e+03
4.954430770874023438e+01 3.715041748046875000e+03
4.967398452758789062e+01 3.782430175781250000e+03
4.980365371704101562e+01 3.851040771484375000e+03
4.993333053588867188e+01 3.920899902343750000e+03
5.006299972534179688e+01 3.992022216796875000e+03
5.019267654418945312e+01 4.064442626953125000e+03
5.032234573364257812e+01 4.138165039062500000e+03
5.045202255249023438e+01 4.213236328125000000e+03
5.058169555664062500e+01 4.289661621093750000e+03
5.071137237548828125e+01 4.367477050781250000e+03
5.084104156494140625e+01 4.446700195312500000e+03
5.097071838378906250e+01 4.527364746093750000e+03
5.110038757324218750e+01 4.609488281250000000e+03
5.123006820678710938e+01 4.693105468750000000e+03
5.135973358154296875e+01 4.778235351562500000e+03
5.148941421508789062e+01 4.864913574218750000e+03
5.161908340454101562e+01 4.953160156250000000e+03
5.174876022338867188e+01 5.043006835937500000e+03
5.187842559814453125e+01 5.134488281250000000e+03
5.200810623168945312e+01 5.227624511718750000e+03
5.213777542114257812e+01 5.322455078125000000e+03
5.226745223999023438e+01 5.419000976562500000e+03
5.239712142944335938e+01 5.517303222656250000e+03
5.252679824829101562e+01 5.617388671875000000e+03
5.265647506713867188e+01 5.719289550781250000e+03
5.278614425659179688e+01 5.823027832031250000e+03
5.291582489013671875e+01 5.928659667968750000e+03
5.304549026489257812e+01 6.036207031250000000e+03
5.317516708374023438e+01 6.145705566406250000e+03
5.330484008789062500e+01 6.257184570312500000e+03
5.343451690673828125e+01 6.370691406250000000e+03
5.356418609619140625e+01 6.486251464843750000e+03
5.369386291503906250e+01 6.603914062500000000e+03
5.382353210449218750e+01 6.723698242187500000e+03
5.395320892333984375e+01 6.845674316406250000e+03
5.408288192749023438e+01 6.969850097656250000e+03
5.421255874633789062e+01 7.096278808593750000e+03
5.434222793579101562e+01 7.225007324218750000e+03
5.447190475463867188e+01 7.356070800781250000e+03
5.460157394409179688e+01 7.489504882812500000e+03
5.473125457763671875e+01 7.625359375000000000e+03
5.486091995239257812e+01 7.763685546875000000e+03
5.499059677124023438e+01 7.904513671875000000e+03
5.512026977539062500e+01 8.047903808593750000e+03
5.524994277954101562e+01 8.193894531250000000e+03
5.537961578369140625e+01 8.342526367187500000e+03
5.550928878784179688e+01 8.493862304687500000e+03
5.563896179199218750e+01 8.647935546875000000e+03
5.576863861083984375e+01 8.804811523437500000e+03
5.589831542968750000e+01 8.964533203125000000e+03
5.602798843383789062e+01 9.127143554687500000e+03
5.615766143798828125e+01 9.292712890625000000e+03
5.628733444213867188e+01 9.461276367187500000e+03
5.641701126098632812e+01 9.632906250000000000e+03
5.654668045043945312e+01 9.807640625000000000e+03
5.667636108398437500e+01 9.985563476562500000e+03
5.680603027343750000e+01 1.016668554687500000e+04
5.693570327758789062e+01 1.035111132812500000e+04
5.706537628173828125e+01 1.053887402343750000e+04
5.719504928588867188e+01 1.073006250000000000e+04
5.732472229003906250e+01 1.092468750000000000e+04
5.745439529418945312e+01 1.112286523437500000e+04
5.758406829833984375e+01 1.132462597656250000e+04
5.771374511718750000e+01 1.153005761718750000e+04
5.784341430664062500e+01 1.173920507812500000e+04
5.797309112548828125e+01 1.195215820312500000e+04
5.810276031494140625e+01 1.216896191406250000e+04
5.823243713378906250e+01 1.238970996093750000e+04
5.836210632324218750e+01 1.261446289062500000e+04
5.849178695678710938e+01 1.284328125000000000e+04
5.862145614624023438e+01 1.307624902343750000e+04
5.875113296508789062e+01 1.331345605468750000e+04
5.888079833984375000e+01 1.355495312500000000e+04
5.901047897338867188e+01 1.380084375000000000e+04
