-8.787971885045369902e+01 2.221538594638252277e+02
-8.768125603040058991e+01 2.208336774924190138e+02
-8.748279131253561047e+01 2.195175316282409312e+02
-8.728430366834004417e+01 2.182050534756839397e+02
-8.708581916491191066e+01 2.168965975918291917e+02
-8.688731914520263899e+01 2.155920496395803241e+02
-8.668882577260335154e+01 2.142916492974399318e+02
-8.649032201131184650e+01 2.129952598152341352e+02
-8.629182952880859148e+01 2.117030365350129557e+02
-8.609331803639729230e+01 2.104146669307279183e+02
-8.589480666478475257e+01 2.091301287713307318e+02
-8.569627510070800724e+01 2.078493404060635044e+02
-8.549773962656657034e+01 2.065724807914025405e+02
-8.529917709032694972e+01 2.052992954233419027e+02
-8.510062598546346635e+01 2.040303071173999001e+02
-8.490205422719319017e+01 2.027650696309453906e+02
-8.470347716013590400e+01 2.015038708425158234e+02
-8.450487168629963719e+01 2.002462727661346946e+02
-8.430626574516296046e+01 1.989927426185982711e+02
-8.410764332771300644e+01 1.977431585268379877e+02
-8.390900923728942473e+01 1.964973121069656088e+02
-8.371036364237467353e+01 1.952553890592739378e+02
-8.351172893524170604e+01 1.940176296190453797e+02
-8.331308340072631324e+01 1.927837651820422309e+02
-8.311443306922912200e+01 1.915535464186780530e+02
-8.291576462427775596e+01 1.903271799051692881e+02
-8.271708231290180890e+01 1.891047291283445304e+02
-8.251840568224588424e+01 1.878863952847626990e+02
-8.231972284952799157e+01 1.866721683824738705e+02
-8.212104880650838368e+01 1.854621046523631946e+02
-8.192235759735108047e+01 1.842559316754353631e+02
-8.172367534001668332e+01 1.830538794239529068e+02
-8.152498186429342297e+01 1.818558590632702305e+02
-8.132629479726155353e+01 1.806620353164449284e+02
-8.112758749643961664e+01 1.794719888703539823e+02
-8.092888513247172000e+01 1.782859345413752976e+02
-8.073016965548197277e+01 1.771038020069262018e+02
-8.053146013895670308e+01 1.759256681166469036e+02
-8.033273693402608728e+01 1.747514785639729666e+02
-8.013400161425272472e+01 1.735810815372110483e+02
-7.993524406433105867e+01 1.724145557959625989e+02
-7.973649564107259380e+01 1.712522095828681756e+02
-7.953773190180460517e+01 1.700939249078392379e+02
-7.933896400133768623e+01 1.689393996633361610e+02
-7.914017650286356798e+01 1.677888597482976820e+02
-7.894138218243917038e+01 1.666422426799711616e+02
-7.874257105827331316e+01 1.654994174895343235e+02
-7.854376409212748911e+01 1.643607002214919532e+02
-7.834494510968525560e+01 1.632260055193437722e+02
-7.814613231341044752e+01 1.620954464578425700e+02
-7.794730113029480378e+01 1.609687554329172769e+02
-7.774846339543660179e+01 1.598459684943768195e+02
-7.754962802569070845e+01 1.587273214173288807e+02
-7.735077209790547670e+01 1.576125765890572268e+02
-7.715191965103149130e+01 1.565018713010619251e+02
-7.695304079373677553e+01 1.553945825736777238e+02
-7.675417289098103879e+01 1.542914582534396004e+02
-7.655528412818908635e+01 1.531921278052867876e+02
-7.635640043576557900e+01 1.520968591201869629e+02
-7.615750136057535258e+01 1.510056488998567090e+02
-7.595860539436340275e+01 1.499186664041098709e+02
-7.575969302495320790e+01 1.488357674956820915e+02
-7.556077454249064829e+01 1.477567245729991328e+02
-7.536183798472086437e+01 1.466816727772768729e+02
-7.516290829976399834e+01 1.456107709893443598e+02
-7.496396854082743744e+01 1.445438953746653965e+02
-7.476502601941426462e+01 1.434811908396100932e+02
-7.456605713844299999e+01 1.424224514135415802e+02
-7.436708113352457872e+01 1.413675809844426681e+02
-7.416809244791666345e+01 1.403167954736805711e+02
-7.396910247802733807e+01 1.392700262691556077e+02
-7.377009228706360489e+01 1.382270782634761872e+02
-7.357108227094013841e+01 1.371881459120533009e+02
-7.337205505371093750e+01 1.361531083523251482e+02
-7.317303151766459735e+01 1.351221738257713412e+02
-7.297398654619853176e+01 1.340951707981326138e+02
-7.277492324511210597e+01 1.330717670269099813e+02
-7.257586273511250852e+01 1.320524101089102373e+02
-7.237679396311442304e+01 1.310371372676841304e+02
-7.217773537000020667e+01 1.300259225050491523e+02
-7.197866668383279887e+01 1.290187375345379621e+02
-7.177960443178812966e+01 1.280156928764900783e+02
-7.158053212165832235e+01 1.270167044670203751e+02
-7.138146911303202558e+01 1.260218937079208246e+02
-7.118239403406778365e+01 1.250311410718900191e+02
-7.098332350413004121e+01 1.240445563726546254e+02
-7.078422853787739655e+01 1.230617548492563600e+02
-7.058513493220011981e+01 1.220829318993008741e+02
-7.038601998011270666e+01 1.211081287721313515e+02
-7.018690012613932083e+01 1.201373830267532128e+02
-6.998776235898336040e+01 1.191706092801853032e+02
-6.978862977345784202e+01 1.182078515255871451e+02
-6.958947621981302234e+01 1.172490337619618259e+02
-6.939032273928324912e+01 1.162941707049644577e+02
-6.919115516026815271e+01 1.153432862043179625e+02
-6.899199175198873490e+01 1.143963727998814761e+02
-6.879281245549519497e+01 1.134534226206012448e+02
-6.859364243825277185e+01 1.125146625549340058e+02
-6.839445580482482967e+01 1.115799698453935491e+02
-6.819526732126871593e+01 1.106493364752378596e+02
-6.799606849352518623e+01 1.097227942309602184e+02
-6.779687074343362951e+01 1.088004205148496055e+02
-6.759767345428467422e+01 1.078820562363765276e+02
-6.739845024744668933e+01 1.069674695511365883e+02
-6.719923255920410554e+01 1.060570082074749649e+02
-6.700000283877055551e+01 1.051504883175451539e+02
-6.680077029228210961e+01 1.042481209909613966e+02
-6.660151799519856297e+01 1.033497664303319539e+02
-6.640226389884948333e+01 1.024555555786458285e+02
-6.620299455960591217e+01 1.015654224946205488e+02
-6.600372273127237577e+01 1.006793568838774036e+02
-6.580443703651428677e+01 9.979725349195928175e+01
-6.560515786170959984e+01 9.891933752706927407e+01
-6.540586222012838391e+01 9.804539666173052126e+01
-6.520656924883525107e+01 9.717545801591705867e+01
-6.500726387023925668e+01 9.630957367333525099e+01
-6.480795811017354424e+01 9.544774529643193262e+01
-6.460863480250040425e+01 9.458987795589830228e+01
-6.440931398073831815e+01 9.373612316376635079e+01
-6.420998428662618096e+01 9.288647305175587121e+01
-6.401066813468932537e+01 9.204100013823570237e+01
-6.381133665084838924e+01 9.119954914303723115e+01
-6.361200408935546591e+01 9.036215606885944851e+01
-6.341265628178914682e+01 8.952873168084569500e+01
-6.321330835978189810e+01 8.869912937013702958e+01
-6.301393444061279325e+01 8.787341243350920195e+01
-6.281455502192179097e+01 8.705182177800979559e+01
-6.261518372853596759e+01 8.623440374111692108e+01
-6.241579898198445875e+01 8.542103223460190975e+01
-6.221642767588297573e+01 8.461194574344010277e+01
-6.201703045527140290e+01 8.380666690454624757e+01
-6.181763161977131915e+01 8.300536068677472201e+01
-6.161820525487264177e+01 8.220789783531063222e+01
-6.141879306157429852e+01 8.141472842651991471e+01
-6.121937379519144429e+01 8.062576285899397988e+01
-6.101995935122172199e+01 7.984095025966722403e+01
-6.082051532745361300e+01 7.906006009510713284e+01
-6.062107694943745884e+01 7.828333911664201139e+01
-6.042162017186483070e+01 7.751053241192029475e+01
-6.022215316454569489e+01 7.674156104833238601e+01
-6.002266249338785542e+01 7.597642065726189742e+01
-5.982315790176391346e+01 7.521518884627107582e+01
-5.962363810221354044e+01 7.445805022170794985e+01
-5.942411796251932543e+01 7.370493366743825447e+01
-5.922458875656128185e+01 7.295576783703994295e+01
-5.902506472269693916e+01 7.221068685692722511e+01
-5.882552123705546165e+01 7.146963804059329561e+01
-5.862598307609557935e+01 7.073270512908641194e+01
-5.842641979853312506e+01 6.999965138000742115e+01
-5.822684009234110647e+01 6.927014686865224746e+01
-5.802723162968953119e+01 6.854439329113033352e+01
-5.782762562592824196e+01 6.782285820125873954e+01
-5.762803006490071311e+01 6.710557548903260283e+01
-5.742842086791992529e+01 6.639227378861438922e+01
-5.722880325794219658e+01 6.568289373922101504e+01
-5.702916443983713890e+01 6.497733388628347484e+01
-5.682952364762623887e+01 6.427573404843293758e+01
-5.662986224651336897e+01 6.357804678593316083e+01
-5.643019964536031097e+01 6.288450191463532946e+01
-5.623052752176920421e+01 6.219512477813592000e+01
-5.603086564858754315e+01 6.150992423404996856e+01
-5.583118998368581032e+01 6.082878839978327079e+01
-5.563152169068654729e+01 6.015183909385418559e+01
-5.543183516184488724e+01 5.947896410328012706e+01
-5.523216132640838794e+01 5.881030045415186436e+01
-5.503247335116068228e+01 5.814570743728580737e+01
-5.483279622554778854e+01 5.748536121930482778e+01
-5.463311137994130462e+01 5.682918833098781874e+01
-5.443342476050059275e+01 5.617696271731472279e+01
-5.423371454079946119e+01 5.552867576552149842e+01
-5.403400474389393793e+01 5.488446713877277006e+01
-5.383427838325500403e+01 5.424440544704048506e+01
-5.363454494317372934e+01 5.360845151469344216e+01
-5.343480096181233563e+01 5.297664769709868438e+01
-5.323505570252736163e+01 5.234889901036169846e+01
-5.303528335253397330e+01 5.172515054048395911e+01
-5.283550480683644679e+01 5.110549515409282151e+01
-5.263573604265848616e+01 5.048991347253205930e+01
-5.243595221996307032e+01 4.987827846835065060e+01
-5.223619016329447362e+01 4.927088733119381914e+01
-5.203641561349233058e+01 4.866755798860645399e+01
-5.183664057890574384e+01 4.806829618836705720e+01
-5.163684906641642414e+01 4.747309641492456933e+01
-5.143703441460927195e+01 4.688178217464339070e+01
-5.123720077832540198e+01 4.629450933465787443e+01
-5.103737152894338180e+01 4.571140313381504683e+01
-5.083752159754435240e+01 4.513237598390647065e+01
-5.063766284147898489e+01 4.455746705299026900e+01
-5.043777117729187154e+01 4.398647534082045496e+01
-5.023788007895151964e+01 4.341955205322095424e+01
-5.003797073523203665e+01 4.285667832075230166e+01
-4.983806098302205356e+01 4.229801147720263543e+01
-4.963812711874643924e+01 4.174333707452673536e+01
-4.943819230874379400e+01 4.119282350073240195e+01
-4.923822674433390034e+01 4.064628013527738659e+01
-4.903827412446339906e+01 4.010403079506693302e+01
-4.883830648899078142e+01 3.956595135986768952e+01
-4.863834406057993220e+01 3.903208793770779295e+01
-4.843835081736246906e+01 3.850227512552594078e+01
-4.823836334387461022e+01 3.797671301628142260e+01
-4.803833798885345630e+01 3.745511821073451131e+01
-4.783831226984659679e+01 3.693768868789651805e+01
-4.763827105522155847e+01 3.642429595959460187e+01
-4.743821382363637440e+01 3.591498342024861046e+01
-4.723816054662068353e+01 3.540981296405816181e+01
-4.703810882250468239e+01 3.490887933277792143e+01
-4.683805806159973173e+01 3.441216436778425702e+01
-4.663800559043884419e+01 3.391960435152414988e+01
-4.643794886430104896e+01 3.343115512053909555e+01
-4.623788365205128770e+01 3.294683422110885118e+01
-4.603780961513519543e+01 3.246659292776707417e+01
-4.583769111951192343e+01 3.199021247261724810e+01
-4.563755049705505229e+01 3.151767803907126009e+01
-4.543738780180613190e+01 3.104901698835850254e+01
-4.523721771717071505e+01 3.058439256028890441e+01
-4.503703339576721021e+01 3.012381339625461862e+01
-4.483683992385864059e+01 2.966729455230626300e+01
-4.463663906256358160e+01 2.921478870486457780e+01
-4.443642961502074940e+01 2.876631432010832512e+01
-4.423621592362722055e+01 2.832193368612616169e+01
-4.403598926226298005e+01 2.788155394107414153e+01
-4.383573143323262400e+01 2.744519062355196226e+01
-4.363544402917226250e+01 2.701288755689250465e+01
-4.343514551798502765e+01 2.658461197709095813e+01
-4.323483583132426133e+01 2.616036217158302790e+01
-4.303453476111094034e+01 2.574028135137662687e+01
-4.283424330870310115e+01 2.532444444651973114e+01
-4.263395646731058974e+01 2.491277562914006083e+01
-4.243364977836608887e+01 2.450500718628854102e+01
-4.223331929206847946e+01 2.410113360094432622e+01
-4.203295666058858160e+01 2.370126632071262307e+01
-4.183258770783742619e+01 2.330552577081248700e+01
-4.163221240361531272e+01 2.291381824322821714e+01
-4.143181603749592767e+01 2.252599363599181004e+01
-4.123140484650929949e+01 2.214213241905556018e+01
-4.103099652290344324e+01 2.176241735223959495e+01
-4.083059328873952154e+01 2.138688057282974952e+01
-4.063018449306488122e+01 2.101548476293416456e+01
-4.042975925604502407e+01 2.064812277568955068e+01
-4.022931133429209183e+01 2.028467211354481847e+01
-4.002885514259338606e+01 1.992535998888170212e+01
-3.982837309837341166e+01 1.957008674413674854e+01
-3.962786958058675424e+01 1.921878497563254129e+01
-3.942734641075134050e+01 1.887159919957707288e+01
-3.922681938807169644e+01 1.852856298032662252e+01
-3.902629419644673447e+01 1.818964710969246212e+01
-3.882577046235402207e+01 1.785487133362487455e+01
-3.862525559425353805e+01 1.752422841737321590e+01
-3.842474186102549538e+01 1.719776547979912351e+01
-3.822422806739807299e+01 1.687536635298625498e+01
-3.802370573043823043e+01 1.655716866599049197e+01
-3.782318007628123269e+01 1.624310076112047696e+01
-3.762264936606089094e+01 1.593314838701819625e+01
-3.742211489041646644e+01 1.562719433705393435e+01
-3.722152843634287223e+01 1.532523646080072943e+01
-3.702090620040893754e+01 1.502732961387129684e+01
-3.682027538617452223e+01 1.473355849849983557e+01
-3.661963970502217336e+01 1.444395674848836464e+01
-3.641899919827778831e+01 1.415849160768632942e+01
-3.621835116545359057e+01 1.387716721353654670e+01
-3.601768585999806760e+01 1.359982119554324065e+01
-3.581700140317281011e+01 1.332641080447246473e+01
-3.561629711310068558e+01 1.305693555206167211e+01
-3.541558915774027838e+01 1.279159478786271720e+01
-3.521489096641540328e+01 1.253041323829295450e+01
-3.501418944517771337e+01 1.227329370777928297e+01
-3.481348776976267345e+01 1.202026770760182650e+01
-3.461277346928914511e+01 1.177129925303763791e+01
-3.441202196915944711e+01 1.152624260267684875e+01
-3.421125364939371849e+01 1.128524792447901248e+01
-3.401049252351125318e+01 1.104839710434645639e+01
-3.380972552776336926e+01 1.081562132753345118e+01
-3.360894251823425094e+01 1.058690842294386236e+01
-3.340816073417663290e+01 1.036231542966596919e+01
-3.320737754344940384e+01 1.014183486105397058e+01
-3.300658887386322249e+01 9.925458335641703655e+00
-3.280579334417978998e+01 9.713197610515376113e+00
-3.260499518553415754e+01 9.505011484156186796e+00
-3.240418945630391789e+01 9.300910584679217052e+00
-3.220338509718577313e+01 9.100914346431661528e+00
-3.200258018493652656e+01 8.905028759453012199e+00
-3.180179480075836196e+01 8.713263608237207691e+00
-3.160101948102315106e+01 8.525611693391956791e+00
-3.140026458263397302e+01 8.342089674224343554e+00
-3.119951363404591760e+01 8.162711033429513208e+00
-3.099874827384948617e+01 7.987429738395724677e+00
-3.079799125194549703e+01 7.816254936055281100e+00
-3.059722153027852443e+01 7.649157129819807999e+00
-3.039642903010050290e+01 7.485995089238132394e+00
-3.019566254774729330e+01 7.326865128324731913e+00
-2.999488818009694313e+01 7.171808160727638715e+00
-2.979410545667012400e+01 7.020837082097854953e+00
-2.959332554499308188e+01 6.873991526333570690e+00
-2.939256637891133650e+01 6.731281828764547726e+00
-2.919183185259501201e+01 6.592667738793829280e+00
-2.899109817822774104e+01 6.458091030345419092e+00
-2.879036856174468895e+01 6.327674057668474461e+00
-2.858962937990824216e+01 6.201357524295738166e+00
-2.838887388388315713e+01 6.079038814211688013e+00
-2.818809604962666882e+01 5.960727261224171514e+00
-2.798730942726135140e+01 5.846519612334486915e+00
-2.778654674688975135e+01 5.736226697336413771e+00
-2.758580299218495568e+01 5.629921240262349080e+00
-2.738505503495534299e+01 5.527588596033069734e+00
-2.718432806809743241e+01 5.429306713161345499e+00
-2.698358781337737966e+01 5.335137320022816709e+00
-2.678286612351735485e+01 5.245119388375800717e+00
-2.658216446876526007e+01 5.159172323307706698e+00
-2.638147042910258122e+01 5.077349349014516733e+00
-2.618075103759765554e+01 4.999420618910281000e+00
-2.598003329753875690e+01 4.925443386971981141e+00
-2.577931595961252853e+01 4.855557842491576181e+00
-2.557858751932780095e+01 4.789924586628766967e+00
-2.537789490063985198e+01 4.728413091154640036e+00
-2.517722342809041436e+01 4.671059469193732383e+00
-2.497652545928955092e+01 4.617941183652402692e+00
-2.477584573904673348e+01 4.568879327187088002e+00
-2.457515780289967822e+01 4.523945099385683122e+00
-2.437449951807657911e+01 4.483119026428597387e+00
-2.417387706756591825e+01 4.446424257953922599e+00
-2.397328560352325511e+01 4.413928013558455099e+00
-2.377270564874013203e+01 4.385547687504203651e+00
-2.357213581244150902e+01 4.361305190219909811e+00
-2.337158499240875287e+01 4.341140691512145544e+00
-2.317108150641123387e+01 4.325064887154685067e+00
-2.297065815925598287e+01 4.313102422984457895e+00
-2.277028583844502663e+01 4.305315864213656418e+00
-2.256998066584269225e+01 4.301471647173372048e+00
-2.236975340366363696e+01 4.301612006820492162e+00
-2.216957391421000167e+01 4.305742691255758814e+00
-2.196948111693064476e+01 4.313906464529419615e+00
-2.176948212464650467e+01 4.326133066131907512e+00
-2.156955400784810450e+01 4.342329935514742445e+00
-2.136970103104909313e+01 4.362382102811392492e+00
-2.116991474390029992e+01 4.386348005151183393e+00
-2.097021323045094832e+01 4.414297353898200882e+00
-2.077059267759323191e+01 4.446021147196521639e+00
-2.057109106461206949e+01 4.481376865050881619e+00
-2.037175925254821607e+01 4.520142575860234935e+00
-2.017254921118418309e+01 4.562757621752929538e+00
-1.997350112438201819e+01 4.609131227328206570e+00
-1.977455992778142146e+01 4.659249374086269491e+00
-1.957581734498342030e+01 4.712804270244098426e+00
-1.937727627118428586e+01 4.769650333561432198e+00
-1.917888765811920138e+01 4.830078423051189063e+00
-1.898064470370610479e+01 4.893957851725467378e+00
-1.878260441780090417e+01 4.961152471833998767e+00
-1.858483060677846410e+01 5.031324019630825539e+00
-1.838737315893173374e+01 5.104542388162728983e+00
-1.819022828976313377e+01 5.180577549854455732e+00
-1.799339491446813000e+01 5.259230960099994689e+00
-1.779687640984852948e+01 5.340896278701196209e+00
-1.760070827960968032e+01 5.425461546264547685e+00
-1.740498496691385810e+01 5.511988758790404397e+00
-1.720967689037323112e+01 5.600810751298171297e+00
-1.701487550417582284e+01 5.691577162898806108e+00
-1.682046592473983893e+01 5.784826229819189258e+00
-1.662651752154032536e+01 5.880021879502981719e+00
-1.643313674052556195e+01 5.976494482652116247e+00
-1.624029871940612679e+01 6.074641497354342334e+00
-1.604798949797948282e+01 6.174191897121357187e+00
-1.585638722896575992e+01 6.274686695776924061e+00
-1.566536396662394282e+01 6.376502896690357858e+00
-1.547517754554748493e+01 6.478371869120853610e+00
-1.528587839921315528e+01 6.580161397215957386e+00
-1.509764898935953781e+01 6.680330481384178398e+00
-1.491019218921661427e+01 6.780156603713587415e+00
-1.472399556080500282e+01 6.877750259394590060e+00
-1.453938711404800443e+01 6.972254951434693204e+00
-1.435668505509694448e+01 7.061216130689151882e+00
-1.417557722886403404e+01 7.146781272720112099e+00
-1.399624588569005290e+01 7.228136227553183524e+00
-1.381824321905771846e+01 7.306397918993400964e+00
-1.364222590565681514e+01 7.379172574983163813e+00
-1.346868011037508595e+01 7.445377330949553674e+00
-1.329731200178464334e+01 7.504232630330024634e+00
-1.312833732167879752e+01 7.554604062449244317e+00
-1.296198206822077381e+01 7.595594910130555100e+00
-1.279826813459396284e+01 7.627098182407069160e+00
-1.263686098337173469e+01 7.651459752424790928e+00
-1.247781974037488339e+01 7.668595334169341804e+00
-1.232179733792940723e+01 7.675791716290086164e+00
-1.216865629196166942e+01 7.674032146122983455e+00
-1.201783161362012287e+01 7.667160917728861769e+00
-1.186934069633483801e+01 7.655024844090761782e+00
-1.172318303227424607e+01 7.636302245028125490e+00
-1.157900129874547268e+01 7.611821897681517513e+00
-1.143697743972142611e+01 7.581902796124551536e+00
-1.129735120415687533e+01 7.546726719140839812e+00
-1.115985640525817857e+01 7.505224393748407330e+00
-1.102453325351079272e+01 7.457697193378616696e+00
-1.089121546149253916e+01 7.404645242997668575e+00
-1.075965764284133996e+01 7.348850861480877406e+00
-1.062961008707682353e+01 7.291163032909834030e+00
-1.050106140891710993e+01 7.231507588631432171e+00
-1.037402287165323855e+01 7.169419759330693864e+00
-1.024849851687749158e+01 7.105654183605103036e+00
-1.012423271576563444e+01 7.040432864370845145e+00
-1.000140832940737390e+01 6.972548842686044246e+00
-9.879770512978236496e+00 6.904295349025806772e+00
-9.759374672571818010e+00 6.836156335574101739e+00
-9.640212067763011206e+00 6.767463685257740558e+00
-9.522221039136251619e+00 6.698233027589930444e+00
-9.405058006842931917e+00 6.629467922998755647e+00
-9.288561851183573026e+00 6.561610244931322278e+00
-9.172650996247927679e+00 6.495319676735379133e+00
-9.057412183086077206e+00 6.430346583186727472e+00
-8.942666726907093633e+00 6.367133143132681639e+00
-8.828410611550014053e+00 6.305540705932534351e+00
-8.714741096496581463e+00 6.245123282391161545e+00
-8.601619259119033245e+00 6.186070628654877446e+00
-8.489145056605339690e+00 6.127517745094567481e+00
-8.377238989273706693e+00 6.069909395091922732e+00
-8.265776115258534062e+00 6.013749922537014569e+00
-8.154689556161562436e+00 5.959297068468825564e+00
-8.044000357985495953e+00 5.906278114896781339e+00
-7.933696720798810276e+00 5.854410908761256138e+00
-7.823877664407094201e+00 5.803589451487412454e+00
-7.714522133270899751e+00 5.753960411100202954e+00
-7.605637682477633277e+00 5.705405371702592099e+00
-7.497264102300007949e+00 5.657574192136465285e+00
-7.389379574060439992e+00 5.610746717245649329e+00
-7.282147818406422779e+00 5.564363909286401011e+00
-7.175583657224972711e+00 5.518636980303398332e+00
-7.069638408422470377e+00 5.473176888387007111e+00
-6.964296891093254338e+00 5.428179331652465578e+00
-6.859596380988756792e+00 5.383389013772552190e+00
-6.755508667329947592e+00 5.338786068790742689e+00
-6.651978682577610158e+00 5.294318765139893301e+00
-6.549191227257251668e+00 5.249323858684324939e+00
-6.447069492240746769e+00 5.204601489257834501e+00
-6.345437445342541061e+00 5.160600675069260568e+00
-6.244324492613474220e+00 5.117018391118670628e+00
-6.143799800674120348e+00 5.073746983353012219e+00
-6.043884032666682948e+00 5.030855212864843828e+00
-5.944746574262778083e+00 4.987395885701706000e+00
-5.846162273188432401e+00 4.944242762702264926e+00
-5.748187746802965847e+00 4.901263709921439116e+00
-5.650973824659983435e+00 4.857889306556133491e+00
-5.554581694155931615e+00 4.813952998920661308e+00
-5.458913212468226916e+00 4.770206345473245513e+00
-5.364123734335104920e+00 4.725867448400215665e+00
-5.269999051441748961e+00 4.681458021925082313e+00
-5.176459501360853643e+00 4.636678327132978339e+00
-5.083827381928761824e+00 4.590913106898305784e+00
-4.991965474883715004e+00 4.544760305381315924e+00
-4.900794990013043417e+00 4.498790418682974135e+00
-4.810381089299917257e+00 4.452547314895725528e+00
-4.720665263161063052e+00 4.405922287527656245e+00
-4.631633429924646883e+00 4.359507210557564960e+00
-4.543229387079676052e+00 4.312774738672113806e+00
-4.455478298266728920e+00 4.265668444345566357e+00
-4.368572279711564477e+00 4.217440007027377646e+00
-4.282401760518550482e+00 4.168541263624563342e+00
-4.196996605396270397e+00 4.119123595153890705e+00
-4.112284710730115478e+00 4.069595305960141296e+00
-4.028130186771353038e+00 4.020328193931702820e+00
-3.944799999917546707e+00 3.970544863158048443e+00
-3.862378119838734580e+00 3.919329499616665657e+00
-3.780738139313956303e+00 3.867133813033976075e+00
-3.699708442203700542e+00 3.814338843788342981e+00
-3.619518123368422380e+00 3.760867146774815151e+00
-3.540207351719339535e+00 3.706691169651530782e+00
-3.461461153055230611e+00 3.652549697436235476e+00
-3.383248527621229407e+00 3.598678227046639755e+00
-3.305605191749831029e+00 3.545050058583765207e+00
-3.228676955203215293e+00 3.491619986237445517e+00
-3.152302622422575862e+00 3.438933399302956495e+00
-3.076532962086300227e+00 3.386635891044464941e+00
-3.001245738975703681e+00 3.334686074779856124e+00
-2.926398513627549214e+00 3.282612965506611857e+00
-2.852058378718793197e+00 3.230954132717704042e+00
-2.778327387881775579e+00 3.179814143755999911e+00
-2.705320841198166182e+00 3.128668278009817616e+00
-2.633216061256825835e+00 3.076998813791815390e+00
-2.561938713255027977e+00 3.024712362704310209e+00
-2.491290422615905609e+00 2.972929550030601664e+00
-2.421513325770696223e+00 2.921374473668354455e+00
-2.352633014582097726e+00 2.869890102745835669e+00
-2.284508041553199309e+00 2.818952621206697984e+00
-2.217093287780881106e+00 2.768456043920262122e+00
-2.150334924000004921e+00 2.718546346797578561e+00
-2.084316438858707876e+00 2.668836640762250578e+00
-2.019008041173219858e+00 2.620173039500529821e+00
-1.954466128920515411e+00 2.572208588477187252e+00
-1.890575293414294755e+00 2.524893758147038980e+00
-1.827414584184686275e+00 2.478254143723873870e+00
-1.765020015649497509e+00 2.432421248895912935e+00
-1.703557297202447973e+00 2.387338226366097160e+00
-1.642795603349804789e+00 2.343015044633838251e+00
-1.582577281159659233e+00 2.299044631429393526e+00
-1.522875032313168120e+00 2.255783968968894992e+00
-1.463556204463044796e+00 2.213013225469478762e+00
-1.404573931333919390e+00 2.170592647093459782e+00
-1.346010747464994495e+00 2.129022583202931695e+00
-1.287878266498446500e+00 2.088284351640809167e+00
-1.230253731161355946e+00 2.048050341910360395e+00
-1.173175371314088444e+00 2.008223049264964644e+00
-1.116600001379847606e+00 1.969081426907147048e+00
-1.060434112809598428e+00 1.930420955870332467e+00
-1.004706179623802598e+00 1.892170742805910688e+00
-9.496029911811153523e-01 1.854140349995124337e+00
-8.950286388893922140e-01 1.816394547842749896e+00
-8.410917308305700946e-01 1.778905715068620053e+00
-7.879279091084996356e-01 1.741734809789247995e+00
-7.354233783483504761e-01 1.704605123855040150e+00
-6.835408135876059887e-01 1.667870144152861611e+00
-6.324496360371509862e-01 1.631564747363741130e+00
-5.819854834551612122e-01 1.595579226987549948e+00
-5.321063177660108057e-01 1.560422622477201759e+00
-4.828728277112047107e-01 1.525748381513194474e+00
-4.341440251593788324e-01 1.491449819239339281e+00
-3.858595861742893929e-01 1.457765447254342650e+00
-3.379805355519056587e-01 1.424857083289867488e+00
-2.906854818761348547e-01 1.392559625621591302e+00
-2.439152081559101681e-01 1.361246295738427925e+00
-1.976470483963688185e-01 1.330531589374482904e+00
-1.518799090012908082e-01 1.300479058756784267e+00
-1.066739441206057820e-01 1.271349164256644348e+00
-6.216586851825316867e-02 1.243036040813338516e+00
-1.843627896159887383e-02 1.215526122273315579e+00
2.466762306789557074e-02 1.188827478173492214e+00
6.685747068375348656e-02 1.162969589145345317e+00
1.083139086390535050e-01 1.138070055794833557e+00
1.489678277944525009e-01 1.113914382224176380e+00
1.888526984800895092e-01 1.090713586672733104e+00
2.278185316175222463e-01 1.068152773631040553e+00
2.658517918239037270e-01 1.046164393482608590e+00
3.030589767297108827e-01 1.024715731077515457e+00
3.394496701533595839e-01 1.003501682540844708e+00
3.749896817157665763e-01 9.826031963040025019e-01
4.097880177572369442e-01 9.621830153656165674e-01
4.437344090019663123e-01 9.421473412533786229e-01
4.767520171776413740e-01 9.226083855183802029e-01
5.088267890736460908e-01 9.040412823100113515e-01
5.398838802551230165e-01 8.857450862186535545e-01
5.699197194228570185e-01 8.676225610312926495e-01
5.989180614178379880e-01 8.498583866511271179e-01
6.269495910654465654e-01 8.326210752247307223e-01
6.539521873493989723e-01 8.161497466987759353e-01
6.799757270018259581e-01 8.003690484526414517e-01
7.050478221600254836e-01 7.854204244756952669e-01
7.291325519979000580e-01 7.709565982581619847e-01
7.522597612688938229e-01 7.569388255318512115e-01
7.746190889676412006e-01 7.434226572851750925e-01
7.960982539256413748e-01 7.302923817019061348e-01
8.167263809591531754e-01 7.176587652920526361e-01
8.364907655119896424e-01 7.054129248988666445e-01
8.553010418266058235e-01 6.934865787708094365e-01
8.730057230840126969e-01 6.820103320613707387e-01
8.895479137947162052e-01 6.707402509081792363e-01
9.051000563055277004e-01 6.597571968166271450e-01
9.196556341648102206e-01 6.492084821277618323e-01
9.331653906156619493e-01 6.389030683519115739e-01
9.457026199748118644e-01 6.290989622129046221e-01
9.572471666336059837e-01 6.197957981568767982e-01
9.677269409845272730e-01 6.111180604905001035e-01
9.770761813223362013e-01 6.029657385300305483e-01
9.852129918833573141e-01 5.953741956909626154e-01
9.922846081356208048e-01 5.882764768580549530e-01
9.983067380636930777e-01 5.817799718617976401e-01
1.003124954625964182e+00 5.759797298462939752e-01
1.006735659514864212e+00 5.707572337887160119e-01
1.009234422196944481e+00 5.657677375580232315e-01
1.010867170691490236e+00 5.610496390990473703e-01
1.011709152708450965e+00 5.565755498899941367e-01
1.011726046527425371e+00 5.523492474704784216e-01
1.011051284347971313e+00 5.482100635538497135e-01
1.009733966936667837e+00 5.444248336421114720e-01
1.007689374685287520e+00 5.409461237163997183e-01
1.004937322586774817e+00 5.377736051308131815e-01
1.001537575597564400e+00 5.348817993380005076e-01
9.975828831891219162e-01 5.322177676668684576e-01
9.931042289237180798e-01 5.297989956751754104e-01
9.881822200864553984e-01 5.275400538000157846e-01
9.827896825472514086e-01 5.253425872977487421e-01
9.769641643265882802e-01 5.232018734877542654e-01
9.708511321494976976e-01 5.214008705243967645e-01
9.642980941881735824e-01 5.199188096430048533e-01
9.573554232468207692e-01 5.187071353148028363e-01
9.501116197804609920e-01 5.175224253750441150e-01
9.426330612848202728e-01 5.165013905436443009e-01
9.347762588163216479e-01 5.155748706907172796e-01
9.265961741656064676e-01 5.146787426876943128e-01
9.182298595334092983e-01 5.138155851948960073e-01
9.095936042318741865e-01 5.130612931969171786e-01
9.006170993422468740e-01 5.124238034569128519e-01
8.915807623912890278e-01 5.118540489880135658e-01
8.826264915863673011e-01 5.112480787783728609e-01
8.736157711719473307e-01 5.106361800217503744e-01
8.646372788151105437e-01 5.100563140250772287e-01
8.557438344756762572e-01 5.096558009589153837e-01
8.468544737249612542e-01 5.093024464512021510e-01
8.380262945095697802e-01 5.087769906444713497e-01
8.290371747811635661e-01 5.080624457731065524e-01
8.198971675088008171e-01 5.074108662472666120e-01
8.106762689724564819e-01 5.066963121625384092e-01
8.011538238947589763e-01 5.057184879698592983e-01
7.913881263136863797e-01 5.045650538207269165e-01
7.817754651606082517e-01 5.032872904552240234e-01
7.721423364182313787e-01 5.020570375965653920e-01
7.622619387507438837e-01 5.005438249811759999e-01
7.520629564672708378e-01 4.990007067532516993e-01
7.416888842483361222e-01 4.971824605395711028e-01
7.311419055114189991e-01 4.952407146150960560e-01
7.204549389829237871e-01 4.934296442251901449e-01
7.093696904430786265e-01 4.915360141860390941e-01
6.979085090508063693e-01 4.894556904240346396e-01
6.862441740930080858e-01 4.874427423469169240e-01
6.745094211647907345e-01 4.852637176372175953e-01
6.626172970980406252e-01 4.832129790312126860e-01
6.505772565056879841e-01 4.811623346095647569e-01
6.383377091959119287e-01 4.789195100838675723e-01
6.259599672630429268e-01 4.764326430536119372e-01
6.133799414833386310e-01 4.737364308245149425e-01
6.006019379819432791e-01 4.707162026350543149e-01
5.875830342620611546e-01 4.673327445921808265e-01
5.744875557472308714e-01 4.637788280580388833e-01
5.615098698933919108e-01 4.601343151529539988e-01
5.484682467083136226e-01 4.564156498663334838e-01
5.353992471719781765e-01 4.526872784120112847e-01
5.223729401702682518e-01 4.490819806044918927e-01
5.092196157450477045e-01 4.454069705797374934e-01
4.961211633061369253e-01 4.418817765446538814e-01
4.829984415695071087e-01 4.385326503852826630e-01
4.699801750232776021e-01 4.352721992760461567e-01
4.570220728218555295e-01 4.321265963245690123e-01
4.441542479768395557e-01 4.291853882242989693e-01
4.313740519310037547e-01 4.263748228744883573e-01
4.186466423546274518e-01 4.237285621247323664e-01
4.061298333480954370e-01 4.211702530428336200e-01
3.939503351971507250e-01 4.187033275881202332e-01
3.820204420884450447e-01 4.163749318246361963e-01
3.703197597339749070e-01 4.141498905664418584e-01
3.588328685487310321e-01 4.119488828469348163e-01
3.475917688508828318e-01 4.099185100739183851e-01
3.364480119695266169e-01 4.079123066894669303e-01
3.253341078137357845e-01 4.059995214341781677e-01
3.141872509817282277e-01 4.042405519263684299e-01
3.030448799207806632e-01 4.026569093774131636e-01
2.917748850459853660e-01 4.014096635614766151e-01
2.804471125205357795e-01 4.002094211934187906e-01
2.689976076285044426e-01 3.992687767502630658e-01
2.574504330381751083e-01 3.985073916630039736e-01
2.459283875177303846e-01 3.979162766829937858e-01
2.344677943363785710e-01 3.974971210567113666e-01
2.228597897787888971e-01 3.971388974026650587e-01
2.111485398312409612e-01 3.967391851941609038e-01
1.992673722282052029e-01 3.962446616134622235e-01
1.873631591598192980e-01 3.956355581740578220e-01
1.754938333109021253e-01 3.949764338864560909e-01
1.636950449148813769e-01 3.944935273936941988e-01
1.520486335953076806e-01 3.941864355890701277e-01
1.404635214681426714e-01 3.940592685087308533e-01
1.289025087778767065e-01 3.940171673130469232e-01
1.173007426162560735e-01 3.942370534948396732e-01
1.058415895327925738e-01 3.946615965302024964e-01
9.455608231325944579e-02 3.952163864847437202e-01
8.342930755267539966e-02 3.959109237874496867e-01
7.245661374181508463e-02 3.968807925503886613e-01
6.156309110422929221e-02 3.979066759913942875e-01
5.073425670464833809e-02 3.988927427529780911e-01
3.998355630785226794e-02 3.999546496032192477e-01
2.924481132378180942e-02 4.010725848800756888e-01
1.847832571715116515e-02 4.022180987502454452e-01
7.694161360462506774e-03 4.033380301851162142e-01
-3.038885481655597635e-03 4.045242093799543692e-01
-1.366530310362577480e-02 4.058115234818961969e-01
-2.420365374535322217e-02 4.072974230377626181e-01
-3.469724123676617977e-02 4.088120054482470289e-01
-4.510737137248118506e-02 4.102426813689646901e-01
-5.552074626088142340e-02 4.116223092226561908e-01
-6.581020022432008953e-02 4.130718098513675440e-01
-7.603275824338197320e-02 4.145338150330296623e-01
-8.625011434157689449e-02 4.160946231462204215e-01
-9.656586077064276130e-02 4.177638197588321445e-01
-1.070126721262931874e-01 4.193825902642211445e-01
-1.174967502181728657e-01 4.210563681161395566e-01
-1.279819005106886121e-01 4.228815112933773102e-01
-1.384158968180418114e-01 4.248691154495828903e-01
-1.488379489257931620e-01 4.269303582170925759e-01
-1.592704179510474327e-01 4.292300162849035927e-01
-1.696806609009703093e-01 4.316361244429255395e-01
-1.800564103573560615e-01 4.341248836233593256e-01
-1.904546126102407699e-01 4.368135421938029728e-01
-2.007775746285915264e-01 4.395180512132533801e-01
-2.110721977427601759e-01 4.423514917288501325e-01
-2.214026651034752546e-01 4.452432246327028276e-01
-2.318522444367408786e-01 4.481320701218803326e-01
-2.423154682417710537e-01 4.510287507449576294e-01
-2.526950200398763169e-01 4.540078511748233403e-01
-2.631412398815154985e-01 4.572472538890751670e-01
-2.736430481697122441e-01 4.606937998947244761e-01
-2.843623175347844700e-01 4.642452096655811933e-01
-2.952233502889672900e-01 4.680973289633262868e-01
-3.062447051455577385e-01 4.723901790497432862e-01
-3.173272024095058486e-01 4.771872569834081368e-01
-3.283955649410684741e-01 4.825060970866570931e-01
-3.394879028201103210e-01 4.882690647844727394e-01
-3.505702997619907224e-01 4.946056725330545412e-01
-3.615866441279649846e-01 5.014887996424524097e-01
-3.726156666254004102e-01 5.091154104130249936e-01
-3.835859290262063070e-01 5.176169982730969288e-01
-3.945439691469073140e-01 5.269889502604646614e-01
-4.054168857634067313e-01 5.371909395751097716e-01
-4.161046178514758997e-01 5.482335659213687373e-01
-4.267824284235636201e-01 5.599252043682706459e-01
-4.374582115312417585e-01 5.724727841148712359e-01
-4.481465716411670019e-01 5.859354145900134148e-01
-4.587096877271930606e-01 6.002229158587242264e-01
-4.691159916669130348e-01 6.156495563074729782e-01
-4.793982901051640488e-01 6.323714246634578595e-01
-4.894666944071650594e-01 6.503480561305350349e-01
-4.993057875335216722e-01 6.698312426491100924e-01
-5.089233285188674571e-01 6.908202571501587119e-01
-5.181812156115969126e-01 7.131557224718108046e-01
-5.269402092074354504e-01 7.369781120153837684e-01
-5.350928982595603012e-01 7.624814061134906895e-01
-5.424824279546737182e-01 7.894080649417504203e-01
-5.492106094211339773e-01 8.177047199020185397e-01
-5.551740954816341000e-01 8.476271115549286472e-01
-5.603301081806421058e-01 8.792520367152075744e-01
-5.645496832206845506e-01 9.124199602998053216e-01
-5.679539016137520324e-01 9.473877048886192309e-01
-5.703396834184726316e-01 9.843290395232323631e-01
-5.718012281010548259e-01 1.023050725703765096e+00
-5.721621367335320008e-01 1.063271162638751655e+00
-5.714030391598741154e-01 1.105269708111292992e+00
-5.693025305246313117e-01 1.149200143129893048e+00
-5.659568606689572290e-01 1.194833423557573715e+00
-5.612676273286342221e-01 1.242357361729830467e+00
-5.549601646140217559e-01 1.291503117592190275e+00
-5.469752469907204206e-01 1.341796636317597047e+00
-5.375857869038979109e-01 1.393461016726989854e+00
-5.265794403851031813e-01 1.446301493249594117e+00
-5.138392096882065108e-01 1.499592229117487907e+00
-4.996414882317185557e-01 1.554172796887177022e+00
-4.838645732775330721e-01 1.609969925173257321e+00
-4.666383268063267198e-01 1.667474061046971379e+00
-4.481176739682753984e-01 1.727021119565216090e+00
-4.281584574530521992e-01 1.788177188138962093e+00
-4.066895159706473417e-01 1.850879937681459309e+00
-3.836619661624233180e-01 1.915419409528656747e+00
-3.591269478201866150e-01 1.982067546066738517e+00
-3.330697183435161746e-01 2.050414932039137828e+00
-3.054218924914797184e-01 2.120501698528751255e+00
-2.762499493112166582e-01 2.192111821252284543e+00
-2.455965251972277996e-01 2.265294372968919223e+00
-2.135904785742362422e-01 2.340532982303761500e+00
-1.800620697314540553e-01 2.418152494687113574e+00
-1.452889310568571124e-01 2.497258871820539294e+00
-1.092296510562300732e-01 2.577708853022010249e+00
-7.151597044120232283e-02 2.659440907084301475e+00
-3.210016009708245577e-02 2.742120335639126605e+00
8.935590411225954530e-03 2.825388397420372399e+00
5.168492943048477034e-02 2.909933208425688367e+00
9.631590469429890389e-02 2.995641681092797715e+00
1.426827716206510999e-01 3.082327991228831721e+00
1.908202481394012662e-01 3.170142400886052592e+00
2.406225422397255953e-01 3.258636545081579960e+00
2.922314625854293690e-01 3.347337724735001352e+00
3.455482883130510663e-01 3.437077881263399082e+00
4.009904479732115945e-01 3.526519149253977581e+00
4.585797907908757409e-01 3.615227437473718997e+00
5.180001999810337487e-01 3.704195876189551484e+00
5.791415712609887523e-01 3.793608156102699525e+00
6.420180572072664571e-01 3.883672560936570317e+00
7.067068967844049032e-01 3.974860920190067315e+00
7.735223023469249837e-01 4.066377986567369263e+00
8.424371761083603305e-01 4.157030153452229371e+00
9.140628712003430190e-01 4.247552906305127607e+00
9.882515276471773857e-01 4.338518920174958104e+00
1.064837053132553946e+00 4.429705521085549158e+00
1.143598648011684427e+00 4.521153158266638883e+00
1.224792743995785749e+00 4.612268558787055106e+00
1.308463583315412126e+00 4.704309166018164845e+00
1.394294994547963240e+00 4.797449023739682517e+00
1.482206298311551373e+00 4.891822623950673687e+00
1.572819591884811796e+00 4.986550367961680053e+00
1.665627267969151282e+00 5.083428432298802591e+00
1.761089172239104883e+00 5.183165867516152048e+00
1.859483008980751029e+00 5.285026493818581805e+00
1.960408141637841828e+00 5.388632979117515376e+00
2.064358441233634878e+00 5.493903505052587732e+00
2.171142551911374063e+00 5.600973595908389058e+00
2.280900836115081987e+00 5.708253288092626221e+00
2.393702285041411582e+00 5.816046910168878092e+00
2.509298745195070790e+00 5.924437587371147451e+00
2.627997129062811688e+00 6.033321082022997217e+00
2.749494446329772579e+00 6.142724560131875400e+00
2.874409480939308814e+00 6.251304952736126630e+00
3.002864492610096914e+00 6.359811764924807598e+00
3.134652314558625363e+00 6.470154437849958029e+00
3.269876782856881547e+00 6.580038623973278433e+00
3.408432273492217224e+00 6.689832540025074437e+00
3.550806753858923859e+00 6.798313731417664485e+00
3.696939622238278211e+00 6.904018288657398195e+00
3.846280739506085844e+00 7.008973668040355598e+00
3.998963480517268021e+00 7.113598222590202802e+00
4.154832117967307781e+00 7.217672475586111247e+00
4.314149111062288711e+00 7.321834611437443741e+00
4.476673300166924996e+00 7.424307937612046437e+00
4.642732411722342079e+00 7.525558544966441943e+00
4.812303833340605408e+00 7.626515184765284339e+00
4.985240338258445369e+00 7.725527724920127959e+00
5.162161725237965904e+00 7.824737552831495968e+00
5.342879473790526745e+00 7.921764026510175860e+00
5.527300486713647487e+00 8.017049438222086266e+00
5.715382128134369744e+00 8.108515635439161429e+00
5.906772891481717025e+00 8.197522303782321274e+00
6.101662632375955297e+00 8.279845065933635340e+00
6.299690936356783233e+00 8.358494128305977711e+00
6.500469131171703552e+00 8.432696899870494534e+00
6.703941971858342619e+00 8.502779983225501326e+00
6.909846676637728891e+00 8.568271727219086031e+00
7.117757858137289340e+00 8.632343016075362030e+00
7.327594929784535971e+00 8.695326590117863574e+00
7.539175904790559990e+00 8.757174251990937464e+00
7.752339530487855512e+00 8.814921939676567675e+00
7.967538415789603867e+00 8.865519537403443451e+00
8.184480298360188755e+00 8.912559461772650238e+00
8.403220579127470558e+00 8.955045466682927113e+00
8.623507885734239764e+00 8.994334348764613907e+00
8.845154551168283419e+00 9.030573939662179583e+00
9.068222813804943883e+00 9.065831985331083587e+00
9.292408593197663436e+00 9.100568492636011086e+00
9.517609606683254952e+00 9.134575681802221681e+00
9.743939421772957132e+00 9.164507856564750199e+00
9.971082351605097926e+00 9.193164174683388978e+00
1.019898330628871896e+01 9.220356647450801191e+00
1.042791380385557787e+01 9.243782726551202700e+00
1.065776642700036447e+01 9.264560338957277708e+00
1.088863190134366299e+01 9.284486787710333644e+00
1.112026812374591778e+01 9.304024981191254540e+00
1.135271069844563741e+01 9.323742154332602894e+00
1.158592160423596695e+01 9.343835163639118591e+00
1.181991670529047589e+01 9.362997757253873843e+00
1.205461567838986703e+01 9.381068823097471920e+00
1.228998869895935009e+01 9.399820784067223656e+00
1.252599885781606126e+01 9.419168906113775108e+00
1.276259270071983387e+01 9.438322148024145264e+00
1.299975880106290127e+01 9.457258048783213411e+00
1.323746398488680498e+01 9.476750577573350043e+00
1.347585851907730081e+01 9.496035938853239600e+00
1.371483925024668338e+01 9.516061614980735328e+00
1.395450489401817329e+01 9.535335496138840128e+00
1.419489298661549803e+01 9.554031203916583337e+00
1.443591520190238953e+01 9.572118974232392219e+00
1.467756255308787061e+01 9.590234324440860547e+00
1.491973526318868082e+01 9.608285667521267115e+00
1.516248471816380849e+01 9.626071334255613010e+00
1.540568663040796871e+01 9.643842154859543214e+00
1.564925594170888346e+01 9.662325679627329578e+00
1.589319569349289019e+01 9.681788211468941086e+00
1.613758898814519327e+01 9.702016173940064547e+00
1.638253869295120069e+01 9.722587586713647312e+00
1.662800609509150362e+01 9.743263710061848215e+00
1.687398629268010453e+01 9.764386716396675325e+00
1.712041307131449486e+01 9.786169519435215847e+00
1.736723792552947998e+01 9.809087858395351134e+00
1.761449309984842770e+01 9.832351446408539530e+00
1.786202499866485738e+01 9.856593671843977944e+00
1.811005379517873237e+01 9.881705109773514906e+00
1.835864085038502935e+01 9.906962478623663415e+00
1.860773258288701371e+01 9.932817833076788006e+00
1.885741168578465832e+01 9.959152358077027145e+00
1.910757085482279294e+01 9.986438002184314655e+00
1.935815819740295396e+01 1.001429206043400022e+01
1.960914883454640645e+01 1.004288271622400330e+01
1.986064586957295575e+01 1.007188882637553640e+01
2.011263869444529107e+01 1.010159216025146556e+01
2.036508176803588910e+01 1.013205668329081810e+01
2.061790495077768881e+01 1.016318562893606092e+01
2.087117140531539761e+01 1.019516512402938169e+01
2.112483603080113781e+01 1.022739827828238468e+01
2.137882877985636298e+01 1.026039670780795099e+01
2.163320268551508718e+01 1.029424205862483177e+01
2.188793023268381788e+01 1.032856147321304974e+01
2.214307370265325048e+01 1.036390535578765970e+01
2.239864781300226682e+01 1.040020789630358777e+01
2.265457984288533666e+01 1.043739729147602446e+01
2.291082187255223701e+01 1.047501748023115198e+01
2.316733959833780787e+01 1.051308961243097784e+01
2.342420329650243005e+01 1.055165611223942612e+01
2.368141564925511844e+01 1.059046188067108751e+01
2.393897166331609228e+01 1.063020577931443178e+01
2.419681565920511801e+01 1.067064837650374898e+01
2.445502245903015037e+01 1.071169182148688925e+01
2.471353343009948844e+01 1.075388409404953549e+01
2.497233807404835915e+01 1.079728270927753897e+01
2.523141631126403794e+01 1.084194731531163569e+01
2.549073345502217691e+01 1.088807367535989812e+01
2.575033589998880856e+01 1.093551665229317926e+01
2.601019828160603709e+01 1.098381540523087629e+01
2.627033564726511727e+01 1.103294746915449132e+01
2.653077594757080249e+01 1.108370749972482905e+01
2.679154748916625906e+01 1.113530181309512379e+01
2.705257196744283021e+01 1.118792215615430408e+01
2.731386058171590037e+01 1.124148321378125992e+01
2.757542337735494087e+01 1.129604426600111822e+01
2.783723984559377129e+01 1.135159690296066159e+01
2.809924740791320730e+01 1.140873779195493931e+01
2.836149209976196417e+01 1.146718125579551817e+01
2.862389146645863747e+01 1.152699170492213199e+01
2.888649283250173028e+01 1.158814006754537118e+01
2.914928501764933344e+01 1.165048205321171615e+01
2.941232324600219883e+01 1.171380096271680138e+01
2.967559586048126263e+01 1.177790724105278031e+01
2.993908732414245577e+01 1.184319376110857114e+01
3.020281317869822146e+01 1.190963713664253554e+01
3.046675323645273892e+01 1.197706008938089361e+01
3.073082803249359074e+01 1.204587502013628253e+01
3.099507349491119257e+01 1.211561978482894908e+01
3.125946256955464619e+01 1.218663169955876668e+01
3.152399308840433889e+01 1.225843345661726147e+01
3.178871546586354668e+01 1.233084434823382836e+01
3.205361450672149459e+01 1.240390115716630604e+01
3.231870231469472543e+01 1.247775269698516354e+01
3.258391922791798834e+01 1.255285293097392163e+01
3.284931235631307089e+01 1.262877863295154945e+01
3.311482219537099070e+01 1.270574856416385856e+01
3.338044547080993851e+01 1.278413267613530024e+01
3.364620893319447958e+01 1.286340185505518718e+01
3.391214601834614939e+01 1.294358863689172168e+01
3.417821070988973275e+01 1.302491657348344489e+01
3.444440738201141272e+01 1.310760639968682995e+01
3.471071435610453193e+01 1.319148051386288678e+01
3.497712474187215292e+01 1.327670723726714108e+01
3.524360871156056874e+01 1.336333954927636114e+01
3.551016484578450871e+01 1.345151528382050721e+01
3.577679578304290686e+01 1.354106925354360591e+01
3.604348783810933554e+01 1.363209087842106371e+01
3.631024579842885203e+01 1.372445816278407804e+01
3.657710491339365433e+01 1.381810218442172555e+01
3.684403292338053149e+01 1.391316444160338861e+01
3.711104709943135305e+01 1.400953601567432649e+01
3.737812806765238349e+01 1.410750804711067730e+01
3.764528004964192576e+01 1.420704372623589506e+01
3.791250190099080442e+01 1.430817331951847748e+01
3.817980293273925696e+01 1.441112966507715498e+01
3.844718356768289880e+01 1.451580295158133715e+01
3.871463599363962516e+01 1.462200396363813049e+01
3.898217014789581469e+01 1.472977521097053710e+01
3.924973499457041726e+01 1.483909980294706266e+01
3.951734062830607286e+01 1.495007291714247621e+01
3.978499401887258102e+01 1.506258903561948514e+01
4.005268905162811421e+01 1.517677022546806853e+01
4.032044164180755530e+01 1.529252815889164729e+01
4.058824693520863747e+01 1.540992106013911389e+01
4.085610193888346231e+01 1.552928417287729879e+01
4.112400269190470681e+01 1.565022399243805573e+01
4.139196678002675611e+01 1.577281570305541969e+01
4.165996598402659146e+01 1.589691714987365323e+01
4.192799692630767794e+01 1.602267992690006793e+01
4.219605056126912501e+01 1.615009143810859626e+01
4.246413901487986209e+01 1.627901537961176359e+01
4.273226063410441355e+01 1.640956845553034427e+01
4.300043451627095692e+01 1.654153143761043054e+01
4.326862883090972645e+01 1.667506039434444887e+01
4.353685215791066554e+01 1.681015057748068742e+01
4.380511720339457327e+01 1.694681652723502197e+01
4.407341198921203329e+01 1.708521925404393826e+01
4.434173970540364706e+01 1.722528687432619066e+01
4.461011325200399114e+01 1.736704746050642711e+01
4.487851170539855872e+01 1.751048895781573123e+01
4.514695360819498404e+01 1.765575143220371146e+01
4.541544990857442343e+01 1.780277011931509534e+01
4.568399185180663835e+01 1.795149670196581582e+01
4.595256951014200553e+01 1.810191460265073715e+01
4.622118990580241160e+01 1.825404032445196023e+01
4.648985223134359046e+01 1.840803693983811584e+01
4.675854137738545546e+01 1.856383287999969767e+01
4.702726841926574508e+01 1.872120686891372543e+01
4.729602031707763388e+01 1.888037614813561049e+01
4.756483313560485726e+01 1.904125663124064971e+01
4.783367896715800072e+01 1.920384575857875831e+01
4.810257064501444546e+01 1.936827430771345959e+01
4.837151248931884595e+01 1.953465267447366926e+01
4.864048739115396813e+01 1.970294503431584943e+01
4.890949196497599161e+01 1.987313648093990182e+01
4.917851938883463703e+01 2.004515010421903654e+01
4.944758307139078823e+01 2.021904438009221039e+01
4.971664845466613514e+01 2.039465684510489041e+01
4.998575326919555550e+01 2.057201792075718672e+01
5.025489941596984522e+01 2.075120341337324703e+01
5.052408707618713635e+01 2.093215201273161696e+01
5.079330416997273545e+01 2.111508952458088118e+01
5.106256433804829697e+01 2.129981929735418333e+01
5.133188534418741966e+01 2.148614459699948398e+01
5.160124727249145593e+01 2.167411562960279525e+01
5.187064384142557572e+01 2.186396225795376225e+01
5.214008149147034032e+01 2.205567861618065351e+01
5.240955223719279132e+01 2.224920068418159502e+01
5.267905555407206464e+01 2.244429728315557782e+01
5.294858057975768872e+01 2.264100575987058761e+01
5.321813636779785384e+01 2.283950259435051322e+01
5.348772073745727340e+01 2.303969794503421653e+01
5.375734207471212045e+01 2.324163269191763348e+01
5.402700865109761708e+01 2.344539586621457872e+01
5.429671531677246321e+01 2.365109709960853124e+01
5.456644362131754633e+01 2.385859330470785622e+01
5.483620290756225302e+01 2.406788508191424825e+01
5.510599618911743391e+01 2.427912936178465131e+01
5.537586227416991846e+01 2.449247986467426585e+01
5.564574403444925821e+01 2.470762879972814474e+01
5.591567260742187528e+01 2.492484597403738533e+01
5.618562971433004094e+01 2.514389270633036588e+01
5.645566057523091530e+01 2.536508865269420454e+01
5.672572938601175707e+01 2.558815983216987888e+01
5.699586157480875670e+01 2.581324996709827602e+01
5.726602793375651146e+01 2.604045276783994112e+01
5.753625649452209245e+01 2.626977307934778239e+01
5.780651890118917180e+01 2.650119635690198550e+01
5.807683741569518787e+01 2.673459323545850097e+01
5.834717853546142408e+01 2.696975367374340138e+01
5.861760606129963946e+01 2.720665754793820668e+01
5.888807300249735732e+01 2.744542926484087175e+01
5.915859141349792338e+01 2.768604484210662875e+01
5.942913130442301650e+01 2.792860844752204841e+01
5.969970622380574810e+01 2.817316142075590690e+01
5.997030061721801530e+01 2.841954089191853683e+01
6.024093127568562522e+01 2.866790077817746507e+01
6.051157134056091280e+01 2.891819783207205674e+01
6.078225050608317304e+01 2.917024854578021831e+01
6.105292740821838038e+01 2.942423965870390035e+01
6.132365691184997303e+01 2.967996181163004366e+01
6.159442479769388967e+01 2.993734756175113176e+01
6.186520840326944892e+01 3.019649448967843952e+01
6.213602170308431027e+01 3.045744310117734344e+01
6.240684600194295228e+01 3.072051707703237255e+01
6.267769971847533839e+01 3.098549269308536935e+01
6.294853961308797352e+01 3.125233530705548901e+01
6.321940939903259249e+01 3.152105388101079697e+01
6.349030160586039528e+01 3.179186153843716767e+01
6.376124291102091490e+01 3.206476331547263925e+01
6.403222025235494641e+01 3.233952656829394101e+01
6.430322788874308060e+01 3.261618351931029025e+01
6.457424660046895326e+01 3.289482077136968030e+01
6.484530954996745322e+01 3.317554461953533718e+01
6.511640727996825717e+01 3.345827343383052721e+01
6.538755383491516682e+01 3.374314202938570162e+01
6.565871463139852438e+01 3.403024543083608222e+01
6.592991356849670126e+01 3.431938081136699026e+01
6.620112406730652310e+01 3.461049497287379495e+01
6.647238110860189408e+01 3.490370575498219807e+01
6.674364695549010662e+01 3.519882692926783108e+01
6.701493306795755700e+01 3.549588741341455744e+01
6.728625066439310842e+01 3.579491297708462128e+01
6.755761337598164573e+01 3.609590510607918645e+01
6.782898844718933162e+01 3.639890740277895276e+01
6.810041094462076217e+01 3.670385216685660623e+01
6.837186348915099643e+01 3.701085648950533624e+01
6.864331987063090423e+01 3.731977258879908987e+01
6.891481092770894179e+01 3.763062123791560509e+01
6.918632916768392249e+01 3.794322300267437953e+01
6.945790503184001352e+01 3.825792567907990360e+01
6.972948177973430006e+01 3.857464584077443703e+01
7.000109010696411360e+01 3.889340620483586974e+01
7.027270403544108035e+01 3.921424122167770321e+01
7.054434034665425202e+01 3.953710769227558330e+01
7.081597126960754451e+01 3.986201134988252193e+01
7.108762813886006882e+01 4.018886865187336355e+01
7.135931036631266977e+01 4.051783291096523953e+01
7.163103217124938737e+01 4.084884248101095494e+01
7.190277834256490053e+01 4.118196632226519682e+01
7.217456887245178621e+01 4.151711134758740940e+01
7.244636028607686740e+01 4.185412011785887643e+01
7.271817954063415357e+01 4.219306280128675013e+01
7.299001080830892363e+01 4.253407850774376442e+01
7.326191034634908306e+01 4.287705043665116733e+01
7.353382905006408521e+01 4.322196712860089463e+01
7.380577485720316133e+01 4.356880829775852249e+01
7.407771840095520588e+01 4.391762300391226148e+01
7.434971070607502952e+01 4.426877506317436684e+01
7.462173058509826262e+01 4.462209795056188710e+01
7.489380226453145895e+01 4.497758687257778121e+01
7.516588889122009221e+01 4.533499682027848365e+01
7.543800032615661166e+01 4.569451149042377125e+01
7.571014896074930789e+01 4.605600807786531448e+01
7.598229843139648665e+01 4.641961730652588614e+01
7.625449584007263581e+01 4.678530191340370692e+01
7.652668931325275992e+01 4.715297446816869353e+01
7.679890453656514637e+01 4.752257446847118416e+01
7.707110932985941076e+01 4.789391197923524146e+01
7.734333511034647302e+01 4.826733898761531805e+01
7.761556990305582815e+01 4.864291766821934004e+01
7.788783634185790561e+01 4.902068256180491801e+01
7.816010501225788687e+01 4.940050772356698872e+01
7.843239676475525357e+01 4.978233352228506448e+01
7.870468235969543969e+01 5.016610546584945496e+01
7.897699064572651650e+01 5.055187741785818645e+01
7.924929946581522699e+01 5.093956028854615425e+01
7.952163745244344284e+01 5.132925294711202469e+01
7.979399823506673783e+01 5.172084583563177063e+01
8.006639071146646813e+01 5.211430683511265016e+01
8.033878053665161190e+01 5.250967625928587523e+01
8.061120818138122956e+01 5.290716656779872551e+01
8.088363444010416003e+01 5.330662787400591185e+01
8.115608795801799147e+01 5.370809445607000754e+01
8.142854135513306346e+01 5.411148433957968962e+01
8.170102443695068928e+01 5.451696097974544131e+01
8.197352258364360011e+01 5.492452006706727730e+01
8.224600936253865768e+01 5.533410067887309225e+01
8.251851932843526072e+01 5.574565434779422901e+01
8.279103402455648109e+01 5.615910987794848097e+01
8.306358214060465173e+01 5.657459169697101231e+01
8.333612413406372355e+01 5.699204949735320724e+01
8.360868361473083610e+01 5.741155007295306234e+01
8.388126678466797159e+01 5.783322647591199939e+01
8.415387087821960677e+01 5.825684100853421654e+01
8.442647913932800918e+01 5.868213996862985482e+01
8.469912075042724098e+01 5.910938658313514793e+01
8.497175456682840888e+01 5.953856349108042423e+01
8.524440626462300941e+01 5.996960767721537167e+01
8.551705390930175099e+01 6.040248631400162793e+01
8.578973334630330783e+01 6.083710761507063580e+01
8.606241291999816667e+01 6.127361360479773111e+01
8.633511709849040017e+01 6.171217965664599348e+01
8.660784094174702830e+01 6.215281757370258475e+01
8.688059489568074412e+01 6.259563656273280685e+01
8.715335387865702899e+01 6.304065968708178502e+01
8.742613839149474586e+01 6.348776745755094453e+01
8.769893039703369197e+01 6.393703425360547499e+01
8.797175310770670364e+01 6.438838477730126897e+01
8.824458779652913165e+01 6.484173038403763201e+01
8.851744814872741074e+01 6.529715679006878304e+01
8.879031596183776287e+01 6.575464614052879142e+01
8.906318369547526004e+01 6.621408282306907722e+01
8.933609677632649948e+01 6.667545116746011047e+01
8.960902184168497797e+01 6.713884433068000135e+01
8.988196587880452171e+01 6.760434499088560756e+01
9.015490329424540050e+01 6.807164882038058806e+01
9.042786418279011684e+01 6.854089820179666503e+01
9.070082009315490268e+01 6.901211663217367231e+01
9.097381116549173896e+01 6.948522118743237286e+01
9.124681555112202602e+01 6.996037191831970858e+01
9.151984672228495299e+01 7.043766267570239847e+01
9.179287253061930585e+01 7.091696592887306849e+01
9.206592504501342944e+01 7.139844191133302331e+01
9.233897864659627430e+01 7.188197442770369605e+01
9.261205179850260549e+01 7.236750851751733649e+01
9.288511572837829533e+01 7.285508208850659173e+01
9.315820593833923624e+01 7.334482245548481671e+01
9.343129208246867279e+01 7.383648893368700783e+01
9.370440001487732218e+01 7.433010494754167041e+01
9.397750225385030376e+01 7.482579426341914086e+01
9.425063788731893055e+01 7.532364779772933616e+01
9.452376624107360215e+01 7.582353330342603215e+01
9.479692554155985817e+01 7.632543150976691493e+01
9.507011209487914982e+01 7.682951303254094455e+01
9.534334125518799397e+01 7.733546013503460870e+01
9.561659097035726518e+01 7.784361075299439392e+01
9.588983015696207701e+01 7.835375769512324950e+01
9.616309515635173000e+01 7.886588060114408449e+01
9.643636012077331543e+01 7.937983390836873809e+01
9.670964482307434196e+01 7.989575906840309472e+01
9.698292211532593399e+01 8.041363678994726172e+01
9.725622424761453999e+01 8.093342311590757276e+01
9.752951732317606570e+01 8.145522280495139000e+01
9.780282395680745822e+01 8.197906497751868926e+01
9.807613273938497400e+01 8.250486306195476516e+01
9.834946171760559253e+01 8.303274679850495943e+01
9.862278758684793445e+01 8.356252267722334182e+01
9.889613682746886525e+01 8.409437399048015038e+01
9.916947906176248750e+01 8.462821968061807354e+01
9.944284597396850245e+01 8.516412213985275059e+01
9.971621013323465377e+01 8.570205189953067304e+01
9.998959743817647450e+01 8.624198641006057642e+01
1.002629754924774232e+02 8.678385011003278748e+01
1.005363651688893611e+02 8.732766449969589928e+01
1.008097431023915647e+02 8.787353220598102155e+01
1.010831421502431198e+02 8.842140614021862177e+01
1.013565341758728096e+02 8.897117740079097814e+01
1.016299472745259607e+02 8.952286760535056942e+01
1.019033644040425628e+02 9.007645630531877146e+01
1.021768127059936546e+02 9.063221222569197266e+01
1.024502850786844874e+02 9.119015208426576180e+01
1.027237438392639177e+02 9.175006870897217937e+01
1.029972292073567672e+02 9.231213080626650935e+01
1.032707162729899153e+02 9.287628621286521025e+01
1.035442337926228902e+02 9.344254490280296466e+01
1.038177426147460949e+02 9.401074643581682722e+01
1.040912729771931993e+02 9.458089572400049860e+01
1.043647956784566304e+02 9.515302081427429925e+01
1.046383411534627328e+02 9.572718640556969660e+01
1.049118814913431805e+02 9.630337456784349115e+01
1.051854403114318899e+02 9.688158673789669706e+01
1.054590010388692178e+02 9.746187219700077264e+01
1.057325858370463010e+02 9.804414966402845266e+01
1.060061746152241966e+02 9.862845183183735287e+01
1.062797908846537212e+02 9.921470062847988913e+01
1.065534090105692542e+02 9.980263423912565202e+01
1.068270504951477022e+02 1.003925267436992499e+02
1.071006895955403593e+02 1.009845177530783786e+02
1.073743640708923408e+02 1.015788290623622743e+02
1.076480263900756853e+02 1.021751288784934815e+02
1.079217073059081997e+02 1.027734594469712306e+02
1.081953812535603845e+02 1.033737443621351844e+02
1.084690822347005223e+02 1.039761898729092309e+02
1.087427760696411099e+02 1.045806214432792132e+02
1.090164919916788762e+02 1.051872203592106700e+02
