-6.438079773364306391e+01 5.607083416067009551e+01
-6.425294100677213294e+01 5.578004747693767484e+01
-6.412508661972584889e+01 5.549008692954713240e+01
-6.399722476315439224e+01 5.520091837328470774e+01
-6.386936641495653078e+01 5.491258845528076193e+01
-6.374150036923764162e+01 5.462505526305530168e+01
-6.361363762016858203e+01 5.433833193729322630e+01
-6.348576847276007840e+01 5.405241563297048657e+01
-6.335790278717928459e+01 5.376732394978378693e+01
-6.323002811386774624e+01 5.348304497050855133e+01
-6.310215905315754981e+01 5.319958684185026954e+01
-6.297428258016162061e+01 5.291692231554793580e+01
-6.284641127102999292e+01 5.263509019704578407e+01
-6.271853137001745893e+01 5.235406468741872743e+01
-6.259065384252807007e+01 5.207387806170742550e+01
-6.246276690782348595e+01 5.179450218558624641e+01
-6.233488420131283902e+01 5.151596177855836345e+01
-6.220699367771847221e+01 5.123820789922645247e+01
-6.207910732995424041e+01 5.096128728156676146e+01
-6.195121228460076424e+01 5.068514940940176672e+01
-6.182332040291220920e+01 5.040983345027215279e+01
-6.169542017552421242e+01 5.013532166177130733e+01
-6.156752333624800855e+01 4.986166113620809170e+01
-6.143961706331126749e+01 4.958879191645677764e+01
-6.131171497003315096e+01 4.931676528068756227e+01
-6.118380487641384491e+01 4.904553915429482913e+01
-6.105589379040242193e+01 4.877510803651061622e+01
-6.092798617294619845e+01 4.850549065162663709e+01
-6.080007130296817053e+01 4.823668719947109906e+01
-6.067216032452363095e+01 4.796869911658365737e+01
-6.054424082691647868e+01 4.770148461158869679e+01
-6.041632486024514748e+01 4.743506823721528320e+01
-6.028840184569473593e+01 4.716945260188924749e+01
-6.016048221022104769e+01 4.690465765792719566e+01
-6.003255504110632756e+01 4.664065931725475878e+01
-5.990463304641274789e+01 4.637749101124595086e+01
-5.977670460084853943e+01 4.611514905217715921e+01
-5.964878095381846634e+01 4.585363398251864453e+01
-5.952085037191128691e+01 4.559291873896516734e+01
-5.939292206229782067e+01 4.533303267817716176e+01
-5.926498441602553413e+01 4.507394483817157038e+01
-5.913704974609095188e+01 4.481569782765570409e+01
-5.900910693025046072e+01 4.455823390623020686e+01
-5.888116663680973772e+01 4.430159680010398660e+01
-5.875321702776169275e+01 4.404576783799517870e+01
-5.862527013992285418e+01 4.379078093109976777e+01
-5.849731530633348342e+01 4.353658623405839734e+01
-5.836936441768050798e+01 4.328321665882830160e+01
-5.824140518545076617e+01 4.303063191888107042e+01
-5.811345258703085648e+01 4.277883742740912254e+01
-5.798549305940149168e+01 4.252784982280645210e+01
-5.785753221852348105e+01 4.227769058435241334e+01
-5.772957387241152816e+01 4.202834467185140710e+01
-5.760160681060568066e+01 4.177977357064805375e+01
-5.747364320049922526e+01 4.153200895863318465e+01
-5.734567000411963278e+01 4.128503233520581972e+01
-5.721770184734467080e+01 4.103889198375489400e+01
-5.708972496654195794e+01 4.079355677765335741e+01
-5.696174918705612811e+01 4.054903205388386311e+01
-5.683376421115115562e+01 4.030530651210128212e+01
-5.670578262313607354e+01 4.006241260167733031e+01
-5.657779081235047158e+01 3.982032285628346813e+01
-5.644980142051704775e+01 3.957905106527012151e+01
-5.632180340185280443e+01 3.933857082934258642e+01
-5.619380649393489335e+01 3.909890325731038985e+01
-5.606580026237458725e+01 3.886002536743788482e+01
-5.593779684086830173e+01 3.862197575080772793e+01
-5.580978295599113181e+01 3.838473567408009757e+01
-5.568177101739809842e+01 3.814833338854482037e+01
-5.555375052791004720e+01 3.791272642293782980e+01
-5.542573336115085425e+01 3.767792429559537482e+01
-5.529770972158390663e+01 3.744391473520725100e+01
-5.516968910389371672e+01 3.721071673542282099e+01
-5.504165839124858906e+01 3.697829859771436389e+01
-5.491363066880408184e+01 3.674668137456268369e+01
-5.478559451862030016e+01 3.651584650002536137e+01
-5.465755615504337328e+01 3.628581102571176586e+01
-5.452951925010138012e+01 3.605657507211984836e+01
-5.440147246540514914e+01 3.582811965586963510e+01
-5.427342819475770597e+01 3.560049691670767658e+01
-5.414537675975849851e+01 3.537366863965954877e+01
-5.401732680889594462e+01 3.514764263341677974e+01
-5.388926833227453983e+01 3.492239927187535642e+01
-5.376121406875765274e+01 3.469795980573909588e+01
-5.363315095130022314e+01 3.447431517642070986e+01
-5.350509106436101803e+01 3.425151395706002688e+01
-5.337702207863122794e+01 3.402953973158895451e+01
-5.324895553117173819e+01 3.380839824486407963e+01
-5.312087874505647278e+01 3.358805019380469759e+01
-5.299280335664069241e+01 3.336850560487133777e+01
-5.286471855701124412e+01 3.314976632306466797e+01
-5.273663695687294961e+01 3.293185835143410145e+01
-5.260854740282510988e+01 3.271474846758851385e+01
-5.248045921897730182e+01 3.249842272633242146e+01
-5.235236240692750442e+01 3.228288100609608335e+01
-5.222426718531303891e+01 3.206816006402718955e+01
-5.209616275524214757e+01 3.185423041381709908e+01
-5.196805850695151463e+01 3.164108250703475633e+01
-5.183994439743698024e+01 3.142870386408447203e+01
-5.171183520235882014e+01 3.121714054071736655e+01
-5.158371678266267679e+01 3.100637071540880285e+01
-5.145559353571761108e+01 3.079638233944603343e+01
-5.132747102328604427e+01 3.058718799157558976e+01
-5.119933919910928211e+01 3.037879033549132757e+01
-5.107120971131414677e+01 3.017121086365637339e+01
-5.094307177910832962e+01 2.996442965191591412e+01
-5.081493706865686022e+01 2.975847486112177620e+01
-5.068679188170312244e+01 2.955331349622998616e+01
-5.055864788438208990e+01 2.934895972840056189e+01
-5.043049262296473501e+01 2.914538537421025310e+01
-5.030233946516430166e+01 2.894260375168125776e+01
-5.017417593841816625e+01 2.874058154289897260e+01
-5.004601236913406126e+01 2.853935856850847941e+01
-4.991783656363229227e+01 2.833890985820006492e+01
-4.978966106857735241e+01 2.813925861467799194e+01
-4.966147464156923519e+01 2.794038636905541040e+01
-4.953329227470224794e+01 2.774231752531663986e+01
-4.940509968384445472e+01 2.754502579450338473e+01
-4.927690949281022625e+01 2.734852688412521005e+01
-4.914870855525089155e+01 2.715282365327288971e+01
-4.902051030000513521e+01 2.695792682088657699e+01
-4.889230136873849375e+01 2.676382795895953848e+01
-4.876409606752162773e+01 2.657055040469483131e+01
-4.863588282992731138e+01 2.637808764223325753e+01
-4.850767231205580998e+01 2.618643086506573781e+01
-4.837945188766596516e+01 2.599557677056886362e+01
-4.825122718442979419e+01 2.580552921784643772e+01
-4.812300539765808338e+01 2.561630961488722846e+01
-4.799477287474910980e+01 2.542788665580006935e+01
-4.786654269364802161e+01 2.524026630211588795e+01
-4.773830231543459490e+01 2.505343016883476182e+01
-4.761006290882083647e+01 2.486737028312322906e+01
-4.748181612543193353e+01 2.468210130433628535e+01
-4.735356995264891111e+01 2.449763570548195446e+01
-4.722531107786151949e+01 2.431393646677155118e+01
-4.709705315996460939e+01 2.413101703229827066e+01
-4.696878186259782240e+01 2.394885443182927531e+01
-4.684051238180948218e+01 2.376752339757182853e+01
-4.671223356826457263e+01 2.358699312492549183e+01
-4.658395549089253507e+01 2.340724364134173641e+01
-4.645566380661021100e+01 2.322828062355047507e+01
-4.632737236072387077e+01 2.305011333032420495e+01
-4.619907035624387959e+01 2.287273892920585183e+01
-4.607076876708445923e+01 2.269614854956028438e+01
-4.594245601268960399e+01 2.252032675170809739e+01
-4.581414417208125656e+01 2.234530592863326248e+01
-4.568582000195561221e+01 2.217107709560325546e+01
-4.555749545511283571e+01 2.199763852402378816e+01
-4.542915802090755051e+01 2.182498364889448439e+01
-4.530081911805697104e+01 2.165314333457041585e+01
-4.517246995874820215e+01 2.148207517261147714e+01
-4.504411634180362967e+01 2.131178652819034625e+01
-4.491576176522079322e+01 2.114228960715000838e+01
-4.478739131264739370e+01 2.097357182016736843e+01
-4.465902038920201989e+01 2.080564217607907906e+01
-4.453063950495288736e+01 2.063848028369499588e+01
-4.440226030326811468e+01 2.047212367221931828e+01
-4.427386857400104958e+01 2.030655162517739143e+01
-4.414547835193093306e+01 2.014177305223584824e+01
-4.401707416263523953e+01 1.997775200712336030e+01
-4.388867070126176628e+01 1.981450416220011945e+01
-4.376025293335035826e+01 1.965202105511663078e+01
-4.363183416613927079e+01 1.949033034652335061e+01
-4.350340361485223895e+01 1.932941057904473681e+01
-4.337497067619714386e+01 1.916929681369692062e+01
-4.324652638538669436e+01 1.900997634278417081e+01
-4.311808109052929439e+01 1.885144717334417308e+01
-4.298962172655379277e+01 1.869370857378751083e+01
-4.286116415268757152e+01 1.853678156501000984e+01
-4.273269437370427681e+01 1.838063837429940506e+01
-4.260422526430391343e+01 1.822529611233482427e+01
-4.247574504251333849e+01 1.807073863764374977e+01
-4.234726457112012099e+01 1.791698080620665223e+01
-4.221877269652948428e+01 1.776401766727727605e+01
-4.209028056929933825e+01 1.761184078331126557e+01
-4.196177652065806996e+01 1.746043944219756483e+01
-4.183326669405006726e+01 1.730982433401738518e+01
-4.170475403942680259e+01 1.716001447462554808e+01
-4.157622774350522121e+01 1.701096775676000306e+01
-4.144769884699437057e+01 1.686270315446255452e+01
-4.131915874386135101e+01 1.671521849001012683e+01
-4.119061889161594792e+01 1.656850267980592761e+01
-4.106206454271478634e+01 1.642256145996477912e+01
-4.093351023591710458e+01 1.627740356100689922e+01
-4.080494379061289578e+01 1.613302176317010606e+01
-4.067638012861029040e+01 1.598943379846997281e+01
-4.054780343696005929e+01 1.584661170961139121e+01
-4.041922573929593909e+01 1.570458062574172864e+01
-4.029063488745717336e+01 1.556333315258376793e+01
-4.016204195310525904e+01 1.542290374066011260e+01
-4.003343265932230111e+01 1.528322861901045115e+01
-3.990482152380450032e+01 1.514432817384572338e+01
-3.977619663321515731e+01 1.500620344612238277e+01
-3.964756940369112215e+01 1.486884117280395046e+01
-3.951893233032192398e+01 1.473226051401520920e+01
-3.939029548614897180e+01 1.459646868989505641e+01
-3.926164715569146324e+01 1.446143806142008970e+01
-3.913299641799495276e+01 1.432718990345671983e+01
-3.900433268867324443e+01 1.419371075878533262e+01
-3.887566708212435884e+01 1.406100365066462388e+01
-3.874698841993252785e+01 1.392906701353804699e+01
-3.861830833182710876e+01 1.379793717652079188e+01
-3.848962324556040926e+01 1.366759597560828787e+01
-3.836092974395096888e+01 1.353804177539081266e+01
-3.823222715792286408e+01 1.340925867049942610e+01
-3.810351670882084107e+01 1.328123396051599237e+01
-3.797479688539967668e+01 1.315398695562288900e+01
-3.784607145316318366e+01 1.302752673636815572e+01
-3.771733698020717185e+01 1.290182787457054125e+01
-3.758859257988411429e+01 1.277688818584780783e+01
-3.745984171185894240e+01 1.265273036096430381e+01
-3.733107946868243943e+01 1.252932944328894393e+01
-3.720231209990497234e+01 1.240671859059265536e+01
-3.707353471920804111e+01 1.228487851786139728e+01
-3.694476000028392093e+01 1.216381172094521013e+01
-3.681597601359477068e+01 1.204349634950652614e+01
-3.668718461718773227e+01 1.192393669521656996e+01
-3.655838585241092176e+01 1.180514092234849066e+01
-3.642958069385603892e+01 1.168712424401196337e+01
-3.630077020175124858e+01 1.156988722460069674e+01
-3.617195154063530538e+01 1.145344517480469726e+01
-3.604312893678189056e+01 1.133779958922682951e+01
-3.591429950989661535e+01 1.122290573768207622e+01
-3.578546228176458044e+01 1.110879036300082312e+01
-3.565661703399112525e+01 1.099545469551597598e+01
-3.552776447005511073e+01 1.088290450412778121e+01
-3.539890000071503806e+01 1.077111477631915548e+01
-3.527002642326482373e+01 1.066007905743937201e+01
-3.514114358282862582e+01 1.054980196962611139e+01
-3.501225338858853320e+01 1.044029746642578260e+01
-3.488335594454385813e+01 1.033156929869444873e+01
-3.475444646249466274e+01 1.022362358773062141e+01
-3.462552641377948959e+01 1.011643109525863338e+01
-3.449659800351401628e+01 1.001000459925718289e+01
-3.436766024898665961e+01 9.904334285971888363e+00
-3.423871235067971952e+01 9.799409277579005817e+00
-3.410975517167377546e+01 9.695248831302444970e+00
-3.398079054299211066e+01 9.591853491310244451e+00
-3.385181353659409353e+01 9.489225217656807487e+00
-3.372283152309559995e+01 9.387351761700898578e+00
-3.359383941775650584e+01 9.286225530462299815e+00
-3.346484136332276904e+01 9.185859620575046236e+00
-3.333584078068202672e+01 9.086256914720996392e+00
-3.320683325947327802e+01 8.987407006417917898e+00
-3.307782089680100768e+01 8.889310626262403758e+00
-3.294879705192015251e+01 8.791950853451583114e+00
-3.281975867170942962e+01 8.695335290168165088e+00
-3.269071197375459548e+01 8.599482795223282849e+00
-3.256165486367931550e+01 8.504378225858641116e+00
-3.243258666533222367e+01 8.410029407569661331e+00
-3.230350827077456444e+01 8.316425039716053291e+00
-3.217442155352151190e+01 8.223588232308626900e+00
-3.204532411641928746e+01 8.131501619405646863e+00
-3.191621568846208845e+01 8.040162153919663268e+00
-3.178709447432436619e+01 7.949558604740603052e+00
-3.165795887979979994e+01 7.859710995418979884e+00
-3.152881323598911933e+01 7.770634681056856508e+00
-3.139965703483425585e+01 7.682322051278530850e+00
-3.127049232501216736e+01 7.594765932121033458e+00
-3.114131629462791651e+01 7.507960670643993417e+00
-3.101212896309262135e+01 7.421873170148512777e+00
-3.088292616454204520e+01 7.336512770498923253e+00
-3.075371400411541956e+01 7.251881221218792639e+00
-3.062449394229678390e+01 7.168004051076478866e+00
-3.049527075179036117e+01 7.084899835734061568e+00
-3.036603275520742429e+01 7.002545371395641816e+00
-3.023678679427035831e+01 6.920938042343036223e+00
-3.010753617421491057e+01 6.840062974813321262e+00
-2.997828307315523944e+01 6.759906461849207737e+00
-2.984902562050958963e+01 6.680487695254761604e+00
-2.971976108623423229e+01 6.601827654934231404e+00
-2.959048361361203661e+01 6.523909048860449644e+00
-2.946119629654129923e+01 6.446733734182410025e+00
-2.933190927004543980e+01 6.370299140997503606e+00
-2.920261714043098777e+01 6.294620608407524465e+00
-2.907331744728289991e+01 6.219684272564691696e+00
-2.894401086065983364e+01 6.145485378032824464e+00
-2.881469975853478616e+01 6.072026052536746654e+00
-2.868538932711944511e+01 5.999301420280373165e+00
-2.855607853418430153e+01 5.927320188739773954e+00
-2.842676187514367925e+01 5.856073266399348221e+00
-2.829744607967104031e+01 5.785558773435498736e+00
-2.816812552195293762e+01 5.715775446208152921e+00
-2.803880089906320450e+01 5.646714771712364467e+00
-2.790947790374076121e+01 5.578379799391244731e+00
-2.778015544351578470e+01 5.510775535100805200e+00
-2.765083506636448973e+01 5.443902237453827730e+00
-2.752151409721923869e+01 5.377754873460863116e+00
-2.739218240054923470e+01 5.312350444326277454e+00
-2.726285119208982266e+01 5.247674388060366013e+00
-2.713352234582941236e+01 5.183727532932671522e+00
-2.700419601908912881e+01 5.120508727222547130e+00
-2.687486926940782084e+01 5.058017032960955284e+00
-2.674554200743936505e+01 4.996236879902541617e+00
-2.661621822139313309e+01 4.935148014503954350e+00
-2.648689772581461099e+01 4.874771462720919324e+00
-2.635758070080432347e+01 4.815121489593562565e+00
-2.622826357588224866e+01 4.756209110512807925e+00
-2.609895281726087646e+01 4.698015912065326205e+00
-2.596964231276937340e+01 4.640539343582821274e+00
-2.584033511210894218e+01 4.583792098826823924e+00
-2.571103599974851406e+01 4.527743761231707964e+00
-2.558174810980996128e+01 4.472419282125282614e+00
-2.545245925894047545e+01 4.417784183375422558e+00
-2.532316654912994025e+01 4.363862021320367823e+00
-2.519387602258588643e+01 4.310634644961742978e+00
-2.506459315907461516e+01 4.258104146234114928e+00
-2.493531609500078616e+01 4.206289341969944751e+00
-2.480604155446281567e+01 4.155170772793054468e+00
-2.467677210099327567e+01 4.104730930794452171e+00
-2.454751131557490140e+01 4.055000077566249139e+00
-2.441826366445288699e+01 4.005970199901880413e+00
-2.428902214953827965e+01 3.957632044348421196e+00
-2.415979338225029949e+01 3.909993943491651081e+00
-2.403057897510159080e+01 3.863069012350017761e+00
-2.390138180090614384e+01 3.816828753923826589e+00
-2.377219256711754269e+01 3.771283009798705343e+00
-2.364301108261374651e+01 3.726477196402292691e+00
-2.351384392460202832e+01 3.682366689833385553e+00
-2.338469811927542708e+01 3.638943071001532026e+00
-2.325556611670184282e+01 3.596228281779256797e+00
-2.312644546928148159e+01 3.554227087436127697e+00
-2.299734007160194693e+01 3.512939542435510543e+00
-2.286825754924904075e+01 3.472330300437627137e+00
-2.273918800319498246e+01 3.432416279407753290e+00
-2.261012841696382125e+01 3.393183986251177675e+00
-2.248108262131540158e+01 3.354627510750344488e+00
-2.235206054442764056e+01 3.316731262815353354e+00
-2.222306541998252882e+01 3.279496985048932611e+00
-2.209409748654095296e+01 3.242934194615213706e+00
-2.196515902266244780e+01 3.207038809400766688e+00
-2.183625415422758209e+01 3.171826477122649646e+00
-2.170737635286217682e+01 3.137281371912932659e+00
-2.157853262525651061e+01 3.103397715595405781e+00
-2.144972079950934329e+01 3.070156612090939596e+00
-2.132094341260679116e+01 3.037577495084037515e+00
-2.119219767165680679e+01 3.005640905438840438e+00
-2.106348775357293590e+01 2.974358542571175157e+00
-2.093480027591027337e+01 2.943720322031767367e+00
-2.080614712557184376e+01 2.913749414319772857e+00
-2.067753049241552787e+01 2.884429520744596687e+00
-2.054895034491655892e+01 2.855735005360402035e+00
-2.042041400150656827e+01 2.827677035056905819e+00
-2.029191223387159582e+01 2.800265061974340330e+00
-2.016345637748998953e+01 2.773516059348207552e+00
-2.003503454328464883e+01 2.747417667954561882e+00
-1.990665243826856212e+01 2.721945239226737812e+00
-1.977831583935717674e+01 2.697126705283372949e+00
-1.965002044379276569e+01 2.672956832346004230e+00
-1.952177126085112491e+01 2.649455211636145169e+00
-1.939357459467289502e+01 2.626595677061350997e+00
-1.926542319705026785e+01 2.604371803472634639e+00
-1.913731129845045587e+01 2.582768549190632257e+00
-1.900925307609836423e+01 2.561776739187804353e+00
-1.888124836086171499e+01 2.541388041016854782e+00
-1.875329449925484582e+01 2.521595416384573962e+00
-1.862539452747776991e+01 2.502418232254345565e+00
-1.849755093116350579e+01 2.483846368773864999e+00
-1.836976911126015111e+01 2.465865955646981522e+00
-1.824204065535366581e+01 2.448445768001992207e+00
-1.811437270805376443e+01 2.431624718963635523e+00
-1.798677878490400772e+01 2.415385040037241637e+00
-1.785926720641056775e+01 2.399733850886557107e+00
-1.773182236045586535e+01 2.384691490878157794e+00
-1.760445945471500195e+01 2.370265878066203147e+00
-1.747718107747584426e+01 2.356412819072156051e+00
-1.734998924218403715e+01 2.343116000727236248e+00
-1.722289397900911823e+01 2.330368903647858314e+00
-1.709588768233880529e+01 2.318204568804134169e+00
-1.696898344583759766e+01 2.306611823351215840e+00
-1.684217907577604123e+01 2.295602493357311591e+00
-1.671547518864162285e+01 2.285161228858443749e+00
-1.658887401878088852e+01 2.275272719969229751e+00
-1.646237252848309751e+01 2.265952236823602917e+00
-1.633597784457417745e+01 2.257203447580772071e+00
-1.620969643471079635e+01 2.249008382693071351e+00
-1.608353457919694307e+01 2.241316256020615238e+00
-1.595749412740394391e+01 2.234127042253558848e+00
-1.583158006352893921e+01 2.227467055199194856e+00
-1.570579347171001139e+01 2.221309937419502223e+00
-1.558013382058901009e+01 2.215662097994000046e+00
-1.545461936554213445e+01 2.210520622059102713e+00
-1.532925099629610699e+01 2.205883106228664126e+00
-1.520402967990053256e+01 2.201768530068731078e+00
-1.507895640403913973e+01 2.198167264946390365e+00
-1.495403934070070662e+01 2.195045269280634592e+00
-1.482928248903664503e+01 2.192373489433459000e+00
-1.470468426653904181e+01 2.190164431960857971e+00
-1.458023906903366296e+01 2.188439330918913850e+00
-1.445595831791870367e+01 2.187212765504843670e+00
-1.433184898906250737e+01 2.186445001125612020e+00
-1.420789731741584916e+01 2.186179207893435006e+00
-1.408411758040866424e+01 2.186372176434809855e+00
-1.396050422007013125e+01 2.187058991435697930e+00
-1.383705507185080386e+01 2.188198044581172397e+00
-1.371378318207878699e+01 2.189791106770604845e+00
-1.359068653837287144e+01 2.191827947597162929e+00
-1.346777113582833429e+01 2.194335387546578531e+00
-1.334504967436573075e+01 2.197264629352985388e+00
-1.322252020719560406e+01 2.200601127622352049e+00
-1.310018497705248564e+01 2.204324738113006887e+00
-1.297804105179613998e+01 2.208482718415833546e+00
-1.285607697003738359e+01 2.213092534801567979e+00
-1.273429908334010641e+01 2.218144263895334145e+00
-1.261270910749590612e+01 2.223651249442041067e+00
-1.249130280882051913e+01 2.229596460010315973e+00
-1.237008346933666658e+01 2.236015119777093663e+00
-1.224905761097775070e+01 2.242852609718664514e+00
-1.212821392116441110e+01 2.250125008016749195e+00
-1.200755583156303885e+01 2.257861384013644557e+00
-1.188710410642816306e+01 2.266018448996488299e+00
-1.176685182318805367e+01 2.274573651116274853e+00
-1.164679132915642157e+01 2.283513292571521358e+00
-1.152694659462235904e+01 2.292840981182571625e+00
-1.140732246450260234e+01 2.302501750337153652e+00
-1.128791142354713095e+01 2.312538763467304470e+00
-1.116870529399023759e+01 2.322968177189288941e+00
-1.104971510658506340e+01 2.333771268786547726e+00
-1.093093539366306111e+01 2.344946662834948015e+00
-1.081238571038929130e+01 2.356445365537939374e+00
-1.069405625946416194e+01 2.368304278606030877e+00
-1.057592880866012308e+01 2.380522779403086542e+00
-1.045801194753591012e+01 2.393100885216623119e+00
-1.034031614282690015e+01 2.406015987777480714e+00
-1.022282453715919281e+01 2.419253969091859080e+00
-1.010556172078810633e+01 2.432786463370268937e+00
-9.988525624926078095e+00 2.446657245905076383e+00
-9.871713928462192200e+00 2.460846762487377770e+00
-9.755125763954906049e+00 2.475363157157892235e+00
-9.638773946103826873e+00 2.490170197911760752e+00
-9.522668884778829224e+00 2.505273425640030194e+00
-9.406811764261561848e+00 2.520662047898984071e+00
-9.291201134720072474e+00 2.536336998492404238e+00
-9.175852670295350677e+00 2.552333633913340005e+00
-9.060759825254789845e+00 2.568579530507092201e+00
-8.945953828849953382e+00 2.585042440500211480e+00
-8.831428025005447324e+00 2.601752413899760974e+00
-8.717186049495451172e+00 2.618757682489539107e+00
-8.603220066567075719e+00 2.636008569671783874e+00
-8.489519472377622833e+00 2.653556784643882782e+00
-8.376101860649324493e+00 2.671375261970407866e+00
-8.262977436064369741e+00 2.689442035187025404e+00
-8.150150878994725900e+00 2.707768701691552149e+00
-8.037627698333251303e+00 2.726369767595949956e+00
-7.925414311257873656e+00 2.745211415917912845e+00
-7.813521286544327538e+00 2.764266858699816698e+00
-7.701953228741325042e+00 2.783534088025874098e+00
-7.590730719916026104e+00 2.802884302043537890e+00
-7.479866731942010460e+00 2.822350180396191455e+00
-7.369362842475561060e+00 2.841953649917455138e+00
-7.259216603051933170e+00 2.861651441711358768e+00
-7.149435450893578015e+00 2.881486478609649904e+00
-7.040030494231172220e+00 2.901513562987309669e+00
-6.931004087419870174e+00 2.921678538634469469e+00
-6.822358905358178127e+00 2.941902121364328604e+00
-6.714091326315701380e+00 2.962193027536752510e+00
-6.606200645954721118e+00 2.982532295479363160e+00
-6.498711662271432488e+00 3.002892470460457819e+00
-6.391638653523102676e+00 3.023180133152908233e+00
-6.284992437086937223e+00 3.043424495129340546e+00
-6.178774821286586061e+00 3.063630954670727657e+00
-6.072992540199620315e+00 3.083754997398940656e+00
-5.967629639526146335e+00 3.103860444313271127e+00
-5.862727738629343932e+00 3.123900421936716132e+00
-5.758276122858064561e+00 3.143855923588283474e+00
-5.654283161668044677e+00 3.163653675329852977e+00
-5.550767773884472511e+00 3.183294312470276832e+00
-5.447710422913668360e+00 3.202763633861472226e+00
-5.345165423326752929e+00 3.222000391668279118e+00
-5.243111407854470052e+00 3.240919471185915057e+00
-5.141539417443362403e+00 3.259607807160311399e+00
-5.040460195488048356e+00 3.278063136838492486e+00
-4.939864601746884354e+00 3.296302589045144504e+00
-4.839788548671330126e+00 3.314252702324711031e+00
-4.740227466127772793e+00 3.331857430247136875e+00
-4.641184531588479878e+00 3.349139523892624482e+00
-4.542682015256894523e+00 3.366230701850443818e+00
-4.444739646567962943e+00 3.383023986218350210e+00
-4.347388969969315120e+00 3.399365934305287329e+00
-4.250617778586255113e+00 3.415388870361678819e+00
-4.154442409318064300e+00 3.431044718597567655e+00
-4.058919520706187001e+00 3.446147413985837904e+00
-3.964046889448631372e+00 3.460676455204163560e+00
-3.869877243070086958e+00 3.474722162670787817e+00
-3.776408840682730084e+00 3.488159311757764947e+00
-3.683620003239189700e+00 3.500917408604230729e+00
-3.591515307484505204e+00 3.513202136105438633e+00
-3.500117548320194061e+00 3.524895040613005737e+00
-3.409464468224471023e+00 3.535803045952002233e+00
-3.319532255701037826e+00 3.546134604013535085e+00
-3.230346798451431134e+00 3.555951790195619466e+00
-3.141968145097512544e+00 3.565128673796691405e+00
-3.054342552847011838e+00 3.573867515428626351e+00
-2.967523580782984727e+00 3.581890402593892464e+00
-2.881523405763506851e+00 3.589296155066990401e+00
-2.796336123920169836e+00 3.596112769914638019e+00
-2.712004431316505038e+00 3.602278478540467344e+00
-2.628546168805286243e+00 3.607904772357859002e+00
-2.545934501013718432e+00 3.613207221728712337e+00
-2.464215672772315457e+00 3.617929551243915576e+00
-2.383412932513778504e+00 3.621926453324091355e+00
-2.303517842032636320e+00 3.625299086159215367e+00
-2.224550268434453582e+00 3.628127905614384030e+00
-2.146533712472704636e+00 3.630220727458993935e+00
-2.069489089378528490e+00 3.631659806450951322e+00
-1.993343871710946180e+00 3.632592096877970356e+00
-1.918142519200593199e+00 3.632800595520523590e+00
-1.843923791931290079e+00 3.632201114116025309e+00
-1.770688826242772240e+00 3.630847751666365752e+00
-1.698461679854119888e+00 3.628834782204376275e+00
-1.627219531970657496e+00 3.626160883701696314e+00
-1.556967856136771466e+00 3.622752258782932611e+00
-1.487748053902232304e+00 3.618430984127383176e+00
-1.419512131514462316e+00 3.613436683454651188e+00
-1.352210165456775526e+00 3.607845391484856279e+00
-1.285917537479847716e+00 3.601622820615952403e+00
-1.220692740466818194e+00 3.594593244316168335e+00
-1.156546461641850598e+00 3.586863357687426479e+00
-1.093547077084022323e+00 3.578346925134971546e+00
-1.031673517165674570e+00 3.569030645455884887e+00
-9.709583871406813893e-01 3.558796981959568839e+00
-9.114428738304103383e-01 3.547509410837925703e+00
-8.530644193900749350e-01 3.535318382639796475e+00
-7.958569100004621033e-01 3.522380506544553924e+00
-7.398138044147131165e-01 3.508637935312563627e+00
-6.849809660724829330e-01 3.494206176239931239e+00
-6.312793897293663692e-01 3.479277407630920749e+00
-5.787235453626916604e-01 3.463710289996582592e+00
-5.273313631556306724e-01 3.447652696625433943e+00
-4.770677319801102101e-01 3.431064333100954933e+00
-4.279501254933265608e-01 3.414142794363789868e+00
-3.799996759158093540e-01 3.396942987525363389e+00
-3.332079459972990265e-01 3.379391753507714924e+00
-2.876170115840621100e-01 3.361248287138926205e+00
-2.432741233943185588e-01 3.342305587213139084e+00
-2.002025864049481740e-01 3.322732878495062714e+00
-1.584332904555990074e-01 3.302710010089398907e+00
-1.179455378778744429e-01 3.282302001432173100e+00
-7.867542262729257385e-02 3.261725910340459222e+00
-4.066239312719553689e-02 3.241241155138585572e+00
-3.933470685221254412e-03 3.220736790799921145e+00
3.155934623201222394e-02 3.200414296256258950e+00
6.580472023037728380e-02 3.180196983332859606e+00
9.884178397820796158e-02 3.160055707225256860e+00
1.306513157711985118e-01 3.140005113971185313e+00
1.611916972558402050e-01 3.120284294742319720e+00
1.904649981632595968e-01 3.100981524179820426e+00
2.184890776022958281e-01 3.082105881305660766e+00
2.452095661054753406e-01 3.063598892674797902e+00
2.706505024411871019e-01 3.045498826440860007e+00
2.948864412535214807e-01 3.027642191748703304e+00
3.178546626014324694e-01 3.009845523570879422e+00
3.395605316086982572e-01 2.992108158697365461e+00
3.600907261245107627e-01 2.974330768239401124e+00
3.794508044453027140e-01 2.956555463023886166e+00
3.976408441502290447e-01 2.939051299963566954e+00
4.146490906775929242e-01 2.921764404055463338e+00
4.304961483682505641e-01 2.904580987731366193e+00
4.452089849026563129e-01 2.887433892645264510e+00
4.587441308105364435e-01 2.870484148844151928e+00
4.710968216168150979e-01 2.853608058337994358e+00
4.822616477286753578e-01 2.836945641093082227e+00
4.922793014354693297e-01 2.820410277828947709e+00
5.010952470770726475e-01 2.803858033496077429e+00
5.087321657197860780e-01 2.787201304983655259e+00
5.152089616289672325e-01 2.770314482627323383e+00
5.205522904271880913e-01 2.753051291643964227e+00
5.247914300585475589e-01 2.735450513958654906e+00
5.279116285525572438e-01 2.717359579180222084e+00
5.299659069677504775e-01 2.699185886919539090e+00
5.309050914094162188e-01 2.680783792128569765e+00
5.307297885517899827e-01 2.662096407668286702e+00
5.294674370159084820e-01 2.643098108192961870e+00
5.271603842853723743e-01 2.623878694422850266e+00
5.238588471704783700e-01 2.604638074232186629e+00
5.195924793496727867e-01 2.585442737568337979e+00
5.143443591599352605e-01 2.566433187222836754e+00
5.081229386180018404e-01 2.547395168145482280e+00
5.009488995759747709e-01 2.528490243742475663e+00
4.928556386315263715e-01 2.509819371217643535e+00
4.838697583544688818e-01 2.491279376728203765e+00
4.740324021314270553e-01 2.472943063804994068e+00
4.633603426769375977e-01 2.454694541104097905e+00
4.518577158825627382e-01 2.436481184811762457e+00
4.395293511834150735e-01 2.418321758227842899e+00
4.264258521187274664e-01 2.400037082102348673e+00
4.125392263196253628e-01 2.381526990930700638e+00
3.978254883804668851e-01 2.362582710909358674e+00
3.823485224461338206e-01 2.343257930668287692e+00
3.661226535799912973e-01 2.323595475802734178e+00
3.492056201014201999e-01 2.303570717397296352e+00
3.316593616116636500e-01 2.283551028528983284e+00
3.135124823151466678e-01 2.263673076991290944e+00
2.946713245252147173e-01 2.243563497385938188e+00
2.751000871417966231e-01 2.223223847209441217e+00
2.548751823275039463e-01 2.203022101744977590e+00
2.340571513499133394e-01 2.183314908154875944e+00
2.126858201082174882e-01 2.164240957215043171e+00
1.908360766719871537e-01 2.146049289415577377e+00
1.685030605060203746e-01 2.128665354999666359e+00
1.457058637706407644e-01 2.112120098589932216e+00
1.223924003978725528e-01 2.096427127236689447e+00
9.860358906950181246e-02 2.081758452729844500e+00
7.436538076009600873e-02 2.068113108406615108e+00
4.976142594305177358e-02 2.055594689214208959e+00
2.478726272375012321e-02 2.044172472648503547e+00
-5.421379736741073138e-04 2.033950385770535441e+00
-2.625624827160499830e-02 2.024802450231428352e+00
-5.233893194380992431e-02 2.016844421841478940e+00
-7.875677731819451244e-02 2.010045500325821077e+00
-1.054748566110618457e-01 2.004187509236026177e+00
-1.325187193542156083e-01 1.999236018422736461e+00
-1.598440824918759273e-01 1.995318876574948108e+00
-1.873449321827851122e-01 1.992308517471989449e+00
-2.149934667361589891e-01 1.990257665463025072e+00
-2.427065465344737105e-01 1.989052413588347834e+00
-2.703905822244783153e-01 1.988614383614623948e+00
-2.979525063069925483e-01 1.989115779089348335e+00
-3.252782131506130048e-01 1.990527126910321520e+00
-3.523600570077697336e-01 1.992901721424355177e+00
-3.792101803304006591e-01 1.996217998375543479e+00
-4.058259624135214794e-01 2.000035967240688439e+00
-4.322444702065860178e-01 2.004369639285221272e+00
-4.584679640281014157e-01 2.009028398260532366e+00
-4.844674192800807466e-01 2.014101939880205361e+00
-5.102172930181336774e-01 2.019360005071533237e+00
-5.356681540148332532e-01 2.024663296099376453e+00
-5.608002286240768575e-01 2.029847180053856448e+00
-5.855423527184757670e-01 2.034761709459534273e+00
-6.099257951620035145e-01 2.039645459825852658e+00
-6.338268656970311721e-01 2.044678215773230168e+00
-6.572321632537990732e-01 2.049606913709697054e+00
-6.801560372374408914e-01 2.054190556995967309e+00
-7.025944077523192943e-01 2.058531707833665791e+00
-7.245945134712382663e-01 2.062816216287170601e+00
-7.461162090179820350e-01 2.067074578152566122e+00
-7.670978337996018359e-01 2.071171543077309884e+00
-7.874959468410195340e-01 2.075285885007003728e+00
-8.072730334284715648e-01 2.079566809982565267e+00
-8.264004230083897840e-01 2.084021185731003367e+00
-8.448673824343830852e-01 2.088554834475155886e+00
-8.626387674599109712e-01 2.093189020138561673e+00
-8.796789647480938168e-01 2.097815646110114063e+00
-8.959855490577717241e-01 2.102576156065218083e+00
-9.115645471453045490e-01 2.107509929748339950e+00
-9.264216207906292855e-01 2.112549056177669637e+00
-9.405570144213425410e-01 2.117961705748421242e+00
-9.539700477204285933e-01 2.123664239469097659e+00
-9.666881707514947131e-01 2.129648350362947085e+00
-9.787012404691117773e-01 2.135836216022228395e+00
-9.899419784362117891e-01 2.142205025682615727e+00
-1.000355177667022977e+00 2.148560026506092679e+00
-1.009860630957006178e+00 2.154764057722690751e+00
-1.018430583790379318e+00 2.160657261200138901e+00
-1.026020223465003101e+00 2.166219000666065320e+00
-1.032628136157058174e+00 2.171093119209078992e+00
-1.038271830624683423e+00 2.175392667052181483e+00
-1.042950996613879022e+00 2.179387817444996323e+00
-1.046640756108239367e+00 2.182803076391936159e+00
-1.049347783205433204e+00 2.185719493458403662e+00
-1.051090611468565861e+00 2.188293985497093974e+00
-1.051849079325453795e+00 2.190503933055115038e+00
-1.051548034308354085e+00 2.192523128181268710e+00
-1.050257221099004878e+00 2.194374337859659185e+00
-1.047978951972971418e+00 2.196167167932441266e+00
-1.044709877023147326e+00 2.197925964200865057e+00
-1.040345526470476845e+00 2.199449096009282290e+00
-1.034902357954353480e+00 2.200847575666781797e+00
-1.028456156887238127e+00 2.202286596702504706e+00
-1.021030367801540217e+00 2.203764750739735767e+00
-1.012659087216683407e+00 2.205470623103758410e+00
-1.003407475226997247e+00 2.207289582135401051e+00
-9.933099853600685369e-01 2.209322025028699787e+00
-9.822853296531054434e-01 2.211596831805369145e+00
-9.703431864965706977e-01 2.214047638554660136e+00
-9.574615919149791488e-01 2.216787454190465301e+00
-9.436697915346982102e-01 2.220020226506001393e+00
-9.289510916811724028e-01 2.223675324697866884e+00
-9.133129553163423786e-01 2.227710724365473904e+00
-8.967071346631428908e-01 2.232062938666681262e+00
-8.791412570415996219e-01 2.236978370014628847e+00
-8.606137084238231205e-01 2.242462445157427986e+00
-8.411242077222249591e-01 2.248528781184263803e+00
-8.206456894950940884e-01 2.255262385932002900e+00
-7.991312193389361607e-01 2.262677456185403724e+00
-7.765680354802093621e-01 2.270700831079385473e+00
-7.529244016462005584e-01 2.279337130583496407e+00
-7.281947335895772033e-01 2.288355875357607871e+00
-7.024015396999194749e-01 2.297846687005802302e+00
-6.755633345225049435e-01 2.307832975745561566e+00
-6.476793318811183697e-01 2.318393501234910392e+00
-6.187098136686098870e-01 2.329476864251298629e+00
-5.886658837393237143e-01 2.341119887157538937e+00
-5.574319265163503179e-01 2.353313220857000232e+00
-5.250107005182033104e-01 2.366116882820647138e+00
-4.913108468150719776e-01 2.379556947298272274e+00
-4.563384395613645506e-01 2.393772937516002397e+00
-4.200608819176753217e-01 2.408910959558451914e+00
-3.824305943622253734e-01 2.424837807268146239e+00
-3.435023465175491841e-01 2.441547967664974728e+00
-3.032398124123302785e-01 2.459065182610975064e+00
-2.617040722708528500e-01 2.477399974877111166e+00
-2.188474009557627165e-01 2.496614251717839572e+00
-1.746712215959404790e-01 2.516632325988779506e+00
-1.292124956971655303e-01 2.537463973577301690e+00
-8.245387693839147103e-02 2.559165361828673824e+00
-3.436412326370676118e-02 2.581836805293119763e+00
1.510642082331081250e-02 2.605344125750607809e+00
6.596542143231878819e-02 2.629710697401370645e+00
1.182005342657988234e-01 2.655069910087699103e+00
1.718702024628097902e-01 2.681211859871812653e+00
2.270504952610159777e-01 2.708044027758341965e+00
2.836195728560599316e-01 2.735587126661840340e+00
3.416053269220361011e-01 2.763883185201385206e+00
4.008908077725519825e-01 2.792984490584060175e+00
4.614742390919476800e-01 2.822716884938397008e+00
5.234107724306950038e-01 2.853085684564879099e+00
5.867260632068850290e-01 2.884016191734628087e+00
6.514919216477002006e-01 2.915414412209736739e+00
7.176825051045433446e-01 2.947199744543484101e+00
7.852804697822779456e-01 2.979385795734815989e+00
8.542369845299981890e-01 3.012155695196437666e+00
9.246182013502732833e-01 3.045476072073914686e+00
9.964274391168107536e-01 3.079138561789414030e+00
1.069769729538774028e+00 3.112880846183460282e+00
1.144693554402391067e+00 3.146644926585789204e+00
1.221240300805090717e+00 3.180284191851288078e+00
1.299446266254673965e+00 3.213558776892460500e+00
1.379335011395066868e+00 3.246314977377492195e+00
1.460966214454391343e+00 3.278392281107236794e+00
1.544387540582877971e+00 3.309774415256653057e+00
1.629635392804692273e+00 3.340294500813054235e+00
1.716573058424144982e+00 3.370207127341403375e+00
1.805184754998159224e+00 3.399493753703000998e+00
1.895442367777383508e+00 3.428223920042848594e+00
1.987344149697323648e+00 3.456348062205309990e+00
2.080885314358025706e+00 3.483840721098204973e+00
2.176110785634536082e+00 3.510691193664233101e+00
2.273000508109728646e+00 3.536801242082691310e+00
2.371501038507061843e+00 3.562321143422737535e+00
2.471559697888543017e+00 3.587315920617068610e+00
2.573116458251823779e+00 3.611838807126575901e+00
2.676108431213224836e+00 3.636024184083323174e+00
2.780537520523431283e+00 3.659837697863015826e+00
2.886360003916422556e+00 3.683365581935939659e+00
2.993560666949488080e+00 3.706454159166056250e+00
3.102172652965038857e+00 3.729143799282953697e+00
3.212154395304620103e+00 3.751557148342529846e+00
3.323514075209821339e+00 3.773530220035849148e+00
3.436203467224538510e+00 3.795181633149977252e+00
3.550187749306174645e+00 3.816565037784582781e+00
3.665440038113047638e+00 3.837472434281864686e+00
3.781932380126168169e+00 3.858113666692699617e+00
3.899650934994965734e+00 3.878362973404679614e+00
4.018591487812002150e+00 3.898255468849114447e+00
4.138736754254872530e+00 3.917774244797223915e+00
4.260072647734420848e+00 3.936788070409237950e+00
4.382569773508297573e+00 3.955218471167254002e+00
4.506238643414030243e+00 3.973042514705631412e+00
4.631122602542054878e+00 3.990275371576287089e+00
4.757152573754576785e+00 4.006945304734318647e+00
4.884318406706303684e+00 4.023045317483972205e+00
5.012654171366306421e+00 4.038392703607518008e+00
5.142117212530598280e+00 4.053031423257073662e+00
5.272685839982082179e+00 4.066944969707858348e+00
5.404356961236273627e+00 4.080049739828066180e+00
5.537166881761885762e+00 4.092269926749498410e+00
5.671041753694477272e+00 4.103833789722203029e+00
5.805997512831538643e+00 4.114639446885804297e+00
5.942054406442990100e+00 4.124438633135517840e+00
6.079234890692370996e+00 4.132916080935170378e+00
6.217502115365986626e+00 4.140171376181388752e+00
6.356852310855003907e+00 4.146404660525912611e+00
6.497240284021199130e+00 4.151875533266750296e+00
6.638633601438750809e+00 4.156311710693220363e+00
6.781047702004263655e+00 4.159477642528361052e+00
6.924522205840175637e+00 4.161263272287559545e+00
7.069026969767299384e+00 4.161810409543489797e+00
7.214555493381867635e+00 4.161329649823645838e+00
7.361111556135987222e+00 4.159635643167005625e+00
7.508712638898814795e+00 4.156624028537847515e+00
7.657396402753765763e+00 4.152060948256460549e+00
7.807093490366513677e+00 4.146368687287237620e+00
7.957804554458211221e+00 4.139288036550117234e+00
8.109502872861114042e+00 4.131089491065194075e+00
8.262187017220011143e+00 4.121799864850077100e+00
8.415810663790628254e+00 4.111345765207680358e+00
8.570375048426786435e+00 4.099879948012565833e+00
8.725879886471728852e+00 4.087392368018552880e+00
8.882340125290738797e+00 4.073698317645476408e+00
9.039749666944580042e+00 4.058882715005034392e+00
9.198103742676352113e+00 4.042882709125985130e+00
9.357368126972330558e+00 4.025789880810165755e+00
9.517484469537809133e+00 4.007850673353921422e+00
9.678473003293449395e+00 3.989047269910582560e+00
9.840340757410166006e+00 3.969215008091770081e+00
1.000306057179396291e+01 3.948385985287487632e+00
1.016660249578307074e+01 3.926832317817220641e+00
1.033096307135062908e+01 3.904342933763799817e+00
1.049614742867313311e+01 3.880968602486848607e+00
1.066215740974669579e+01 3.856846471686976585e+00
1.082897981803659349e+01 3.832090987358928835e+00
1.099659690573960624e+01 3.806829736168798384e+00
1.116496294426185365e+01 3.780954244380884344e+00
1.133407271700638042e+01 3.754575641294786603e+00
1.150393178631203916e+01 3.727645447858287220e+00
1.167451959942113682e+01 3.700164703498665109e+00
1.184582417641865781e+01 3.672228637523461181e+00
1.201784021687731219e+01 3.643685648881324735e+00
1.219050019475668734e+01 3.614715953844440666e+00
1.236382689721236616e+01 3.585231715804234387e+00
1.253777390719335472e+01 3.555268134264664148e+00
1.271230284392976451e+01 3.524942252536370724e+00
1.288740413153370135e+01 3.494320487867231151e+00
1.306308322907475095e+01 3.463385240968654077e+00
1.323934886031014280e+01 3.432041283717398361e+00
1.341614441754917308e+01 3.400318349503491433e+00
1.359346030577781228e+01 3.368424565953164862e+00
1.377126925262678370e+01 3.336324324030952138e+00
1.394956630066533876e+01 3.304013689325690173e+00
1.412829927861181467e+01 3.271678678174089416e+00
1.430744373780395762e+01 3.239360131797391240e+00
1.448698821172819784e+01 3.207177066243080521e+00
1.466691705472630680e+01 3.175158905709282831e+00
1.484724591833564133e+01 3.143305661205365809e+00
1.502797116613835016e+01 3.111532303831373358e+00
1.520907390696679506e+01 3.079872904607537709e+00
1.539054143523511797e+01 3.048359300309381403e+00
1.557236853813032340e+01 3.017045540816043037e+00
1.575454713107409610e+01 2.985926021798589236e+00
1.593706494303556731e+01 2.954993163257138900e+00
1.611989538485041606e+01 2.924316390887125028e+00
1.630302653958710479e+01 2.893953447879350716e+00
1.648644010109280700e+01 2.863865139010300709e+00
1.667011573647111788e+01 2.834140823024184463e+00
1.685406784057362728e+01 2.804698748363810612e+00
1.703828902076041985e+01 2.775563458838101294e+00
1.722275060251913814e+01 2.746806814118723405e+00
1.740745444149195009e+01 2.718367853233413012e+00
1.759238830291069888e+01 2.690326068180334484e+00
1.777755811561985411e+01 2.662690898227155767e+00
1.796295476951394221e+01 2.635479185809033176e+00
1.814857508432120170e+01 2.608663117353142713e+00
1.833440637639276716e+01 2.582270993652671542e+00
1.852044979280183767e+01 2.556255511396531510e+00
1.870668922958858360e+01 2.530638088847013911e+00
1.889310998285741761e+01 2.505489338617865602e+00
1.907970692163109661e+01 2.480803552992364658e+00
1.926646632872459719e+01 2.456694216288307420e+00
1.945339683250399787e+01 2.433095127848273975e+00
1.964049671643221018e+01 2.409988001322914464e+00
1.982776114962771530e+01 2.387346863966540944e+00
2.001520265173626356e+01 2.365151171765494720e+00
2.020281180333004656e+01 2.343478788710323890e+00
2.039057916953526473e+01 2.322351127976722829e+00
2.057849355416844261e+01 2.301808942680801273e+00
2.076656880907074765e+01 2.281806265698662628e+00
2.095478755161159867e+01 2.262373758535726420e+00
2.114314883323156735e+01 2.243518317953041574e+00
2.133164129384700303e+01 2.225241732497603930e+00
2.152027615693211615e+01 2.207513772558995058e+00
2.170905193664350818e+01 2.190334992822128068e+00
2.189795120052601973e+01 2.173777352964088916e+00
2.208697450839752818e+01 2.157789933833898388e+00
2.227611930794119743e+01 2.142390431332837686e+00
2.246539259092596552e+01 2.127601861422106833e+00
2.265477315652103485e+01 2.113479048759848489e+00
2.284427148802404517e+01 2.099973566355392229e+00
2.303388363698845254e+01 2.087095842609872687e+00
2.322361241975240276e+01 2.074859208782442899e+00
2.341345584327268270e+01 2.063298537705185343e+00
2.360340418340998525e+01 2.052396812289799755e+00
2.379345020494523055e+01 2.042156794903138284e+00
2.398359149410687507e+01 2.032578939923566086e+00
2.417381628691578754e+01 2.023725943273639416e+00
2.436412463489634206e+01 2.015579426960875775e+00
2.455451867804862687e+01 2.008119236142075437e+00
2.474499588476605538e+01 2.001378687103068543e+00
2.493555216856400136e+01 1.995373511276362422e+00
2.512618102774570517e+01 1.990131173002917420e+00
2.531688294099917158e+01 1.985637515027046662e+00
2.550765760788259584e+01 1.981875456165130833e+00
2.569850515088724663e+01 1.978849306512938666e+00
2.588942016971334681e+01 1.976570527552978573e+00
2.608039876234096610e+01 1.975058027995363785e+00
2.627144146385279910e+01 1.974353746862914649e+00
2.646254889996213322e+01 1.974473506944945500e+00
2.665371124151026194e+01 1.975385975115772075e+00
2.684494209424294553e+01 1.977091364636401449e+00
2.703622818346594769e+01 1.979590653062052619e+00
2.722756914155917940e+01 1.982921373276532506e+00
2.741897048377767376e+01 1.987069622400757130e+00
2.761043374617385382e+01 1.992054637620229052e+00
2.780195740302205110e+01 1.997872514028765423e+00
2.799353022422703674e+01 2.004545049762614717e+00
2.818514752332481166e+01 2.012071388009931017e+00
2.837681328216592647e+01 2.020492450071861068e+00
2.856852672018048622e+01 2.029805401181263402e+00
2.876028554878234900e+01 2.039999325921974638e+00
2.895208043532284492e+01 2.051067578948371217e+00
2.914391207800805716e+01 2.063028917170733667e+00
2.933577916709631594e+01 2.075896630832310130e+00
2.952768442021347539e+01 2.089667251419076166e+00
2.971963016520689038e+01 2.104316141041947752e+00
2.991161364200289086e+01 2.119854541517582014e+00
3.010362836889413529e+01 2.136303442671525055e+00
3.029567694286505386e+01 2.153649197897921752e+00
3.048775806223216023e+01 2.171906127423841149e+00
3.067986796306334440e+01 2.191077400964943855e+00
3.087200111231953059e+01 2.211167903980442606e+00
3.106415855510719126e+01 2.232174491388254634e+00
3.125633574395254399e+01 2.254105435644600863e+00
3.144853071133767486e+01 2.276951734863913224e+00
3.164075414242409323e+01 2.300708888144864517e+00
3.183299863539586383e+01 2.325365653438626445e+00
3.202526192079385225e+01 2.350936533418843677e+00
3.221754894807996550e+01 2.377430673074819367e+00
3.240985865977071256e+01 2.404844691688288627e+00
3.260218539139367522e+01 2.433167218604234350e+00
3.279452892086418814e+01 2.462416595116360352e+00
3.298688832126818937e+01 2.492593629026215396e+00
3.317926939282876475e+01 2.523694780971050822e+00
3.337167192558968765e+01 2.555732053652236324e+00
3.356409176838174346e+01 2.588693721427236749e+00
3.375652250532172616e+01 2.622583589448040708e+00
3.394896700807363032e+01 2.657403377366671204e+00
3.414142129386079461e+01 2.693165736740184002e+00
3.433388068100909152e+01 2.729857300474326731e+00
3.452634671777077102e+01 2.767473151929179753e+00
3.471883000279056830e+01 2.806021708580114904e+00
3.491132491873874955e+01 2.845505531352499506e+00
3.510382839872278282e+01 2.885924201870242012e+00
3.529634758953700668e+01 2.927277114604766695e+00
3.548886987034666163e+01 2.969567929558403652e+00
3.568139878510323371e+01 3.012792366136833433e+00
3.587393087206023523e+01 3.056951933984857650e+00
3.606646355511707469e+01 3.102038725861965496e+00
3.625900405408503957e+01 3.148060439094659824e+00
3.645155692766743272e+01 3.195023053512595190e+00
3.664410982485252077e+01 3.242925370635866500e+00
3.683666632578820099e+01 3.291764948458307583e+00
3.702922563794379585e+01 3.341545137788592967e+00
3.722178203412182285e+01 3.392253876314075711e+00
3.741433493700102275e+01 3.443890217850608781e+00
3.760688540206663077e+01 3.496460760281339120e+00
3.779943672188483106e+01 3.549985368134922048e+00
3.799198742174978349e+01 3.604459362301573488e+00
3.818453628017319090e+01 3.659869974553553451e+00
3.837708196729235510e+01 3.716219744620800736e+00
3.856962431088946630e+01 3.773509477789108058e+00
3.876216676017914864e+01 3.831753543523285455e+00
3.895470649314535194e+01 3.890942665258225741e+00
3.914723899594880407e+01 3.951071424192450721e+00
3.933977344467863446e+01 4.012132329148253795e+00
3.953230761658648618e+01 4.074145472754591601e+00
3.972483604374515664e+01 4.137119043558155518e+00
3.991736220607310770e+01 4.201051957841458240e+00
4.010988386635693104e+01 4.265950158746898424e+00
4.030240007264887225e+01 4.331787159755926986e+00
4.049490698665616151e+01 4.398555654952678751e+00
4.068740954024865886e+01 4.466267824801180453e+00
4.087991040381627528e+01 4.534930415815266791e+00
4.107240194475811990e+01 4.604540181551918465e+00
4.126489184658341003e+01 4.675100929034099018e+00
4.145737527853449222e+01 4.746605090694485440e+00
4.164985365367122228e+01 4.819067223380773868e+00
4.184232855538986939e+01 4.892484855208068417e+00
4.203479705817277079e+01 4.966850352574486926e+00
4.222725841382629852e+01 5.042167683611120665e+00
4.241971266505370863e+01 5.118439471120929340e+00
4.261216524447090848e+01 5.195671322197398467e+00
4.280461119499392453e+01 5.273848247391688560e+00
4.299705445234911849e+01 5.352979428862458811e+00
4.318949543800676594e+01 5.433080118845813544e+00
4.338192911046532174e+01 5.514137098945000481e+00
4.357436175335310224e+01 5.596148310502730538e+00
4.376679281509108677e+01 5.679120541401952771e+00
4.395921873707585092e+01 5.763049526185848315e+00
4.415163825160438904e+01 5.847944921527875373e+00
4.434405646230143816e+01 5.933801953474534763e+00
4.453647407379187939e+01 6.020607125426971962e+00
4.472888748246182899e+01 6.108370873783923294e+00
4.492129776907426475e+01 6.197102496010294281e+00
4.511370445345304603e+01 6.286812855875154149e+00
4.530610663445740727e+01 6.377475556442982807e+00
4.549850485008731482e+01 6.469099264074300137e+00
4.569089811465045159e+01 6.561692403326705225e+00
4.588328707956659258e+01 6.655249289573406557e+00
4.607567872873507753e+01 6.749764355946552996e+00
4.626806306723964468e+01 6.845250181713766757e+00
4.646043904153046356e+01 6.941696179479851736e+00
4.665280945057546091e+01 7.039111920117241183e+00
4.684517409022202372e+01 7.137485217869746101e+00
4.703753306122521849e+01 7.236813635933952327e+00
4.722988647309603749e+01 7.337111896349773232e+00
4.742223575367604838e+01 7.438379044871465950e+00
4.761457977284528198e+01 7.540581912643935070e+00
4.780692247549605867e+01 7.643737323776752746e+00
4.799925834828602689e+01 7.747855289771416132e+00
4.819158672614693728e+01 7.852920778293189130e+00
4.838390622835854771e+01 7.958949490790554471e+00
4.857622110067481458e+01 8.065938268092599728e+00
4.876851952400865997e+01 8.173875463088991822e+00
4.896082265048436710e+01 8.282761285618770231e+00
4.915310919102380893e+01 8.392604883402123406e+00
4.934539811029794265e+01 8.503388747070401266e+00
4.953767491460380512e+01 8.615114282385135880e+00
4.972995754621116049e+01 8.727818677948153692e+00
4.992222391113166680e+01 8.841486121923951558e+00
5.011449569771538393e+01 8.956122728560178103e+00
5.030675453329744329e+01 9.071718600744452132e+00
5.049901891404576304e+01 9.188293408625867187e+00
5.069126643539419064e+01 9.305813449953500793e+00
5.088351691474057503e+01 9.424312359813045603e+00
5.107575414074547382e+01 9.543772710030179240e+00
5.126799525315351502e+01 9.664180474578950353e+00
5.146022092548509619e+01 9.785548522133035831e+00
5.165244977044562802e+01 9.907875773461251256e+00
5.184466565849085384e+01 1.003116056797164113e+01
5.203688341417672802e+01 1.015542981290160185e+01
5.222908541627514012e+01 1.028065522133909582e+01
5.242129093409813834e+01 1.040684718459558766e+01
5.261347806968030483e+01 1.053398532920261310e+01
5.280566922681816067e+01 1.066208676444790804e+01
5.299784870405234471e+01 1.079115284793028273e+01
5.319002909100714049e+01 1.092117559330309184e+01
5.338220494899017154e+01 1.105215706606618653e+01
5.357436328266560821e+01 1.118407700854510622e+01
5.376652188051876635e+01 1.131695905451312356e+01
5.395866479122403092e+01 1.145079129117142003e+01
5.415080919675541082e+01 1.158558967932840567e+01
5.434293729383399096e+01 1.172133929047746115e+01
5.453507033779533941e+01 1.185806173587669754e+01
5.472719022898475316e+01 1.199575331026831648e+01
5.491931444718166944e+01 1.213443231209238071e+01
5.511142467551864854e+01 1.227407510772746768e+01
5.530354007363952462e+01 1.241467823469608689e+01
5.549563829870584186e+01 1.255622382269866755e+01
5.568774019789559304e+01 1.269873499964674757e+01
5.587982980698061652e+01 1.284220460236827321e+01
5.607192340212240822e+01 1.298664000187270595e+01
5.626400151153355722e+01 1.313202889871740098e+01
5.645608579499560165e+01 1.327839243222481258e+01
5.664815639402903713e+01 1.342570397112931602e+01
5.684023060332810218e+01 1.357398226814761522e+01
5.703228997000443456e+01 1.372322674063254588e+01
5.722435615193297309e+01 1.387344416917355794e+01
5.741640909700008422e+01 1.402460220598925567e+01
5.760846748056349753e+01 1.417671859712002025e+01
5.780051143743383335e+01 1.432978047872322236e+01
5.799255941451030338e+01 1.448381631005297621e+01
5.818460214116734619e+01 1.463881603426407096e+01
5.837662968021283660e+01 1.479475683792917273e+01
5.856866401414622914e+01 1.495166782540322181e+01
5.876068212129212753e+01 1.510953931936865224e+01
5.895270347383332421e+01 1.526838107713425607e+01
5.914471156671159235e+01 1.542818260178342094e+01
5.933672551475191881e+01 1.558895925202123145e+01
5.952872431515766039e+01 1.575068367972454020e+01
5.972072847996764011e+01 1.591337520351521206e+01
5.991271976859879800e+01 1.607703265412667548e+01
6.010471880564391967e+01 1.624167042027027463e+01
6.029670808762945455e+01 1.640727375303452718e+01
6.048870334443735430e+01 1.657385164360546526e+01
6.068068354142432241e+01 1.674139386179095723e+01
6.087267178257020817e+01 1.690992591569305503e+01
6.106464616368648990e+01 1.707942235654079610e+01
6.125662817095903279e+01 1.724987669276499958e+01
6.144859812402377486e+01 1.742128206901732668e+01
6.164057404515072847e+01 1.759367287630329812e+01
6.183253588122837385e+01 1.776702946239364422e+01
6.202450695491110366e+01 1.794136109853885230e+01
6.221646670871215434e+01 1.811665099336428852e+01
6.240843062402991137e+01 1.829290499693957273e+01
6.260038067089865876e+01 1.847011018573698493e+01
6.279233682201492428e+01 1.864829864162390294e+01
6.298429187493647419e+01 1.882745544447349317e+01
6.317623658802459374e+01 1.900756748110918792e+01
6.336818745050467783e+01 1.918867395956648636e+01
6.356012539458063770e+01 1.937074588624533789e+01
6.375206691488101995e+01 1.955380236349160228e+01
6.394399594839028822e+01 1.973780660181744295e+01
6.413593289287128130e+01 1.992278806592599594e+01
6.432785613906916922e+01 2.010871530580367761e+01
6.451978533214926870e+01 2.029562191551327643e+01
6.471170479619080140e+01 2.048350160304916656e+01
6.490363100376016803e+01 2.067235319064989696e+01
6.509554408410377846e+01 2.086217184189478147e+01
6.528746299116201612e+01 2.105296194025078904e+01
6.547937142715268521e+01 2.124472564267396990e+01
6.567128717489354983e+01 2.143748770457426289e+01
6.586319163656148135e+01 2.163121172717979945e+01
6.605509958185069763e+01 2.182590574175545939e+01
6.624699532977329852e+01 2.202155925035109618e+01
6.643889659098026357e+01 2.221819391542336675e+01
6.663078517960757097e+01 2.241579202393243975e+01
6.682268235976472681e+01 2.261438083031930546e+01
6.701456761385487937e+01 2.281393074352745387e+01
6.720645723609030142e+01 2.301445261628042971e+01
6.739833336548767306e+01 2.321593776773666562e+01
6.759021513743040543e+01 2.341839350744468362e+01
6.778209402922441029e+01 2.362181237776950127e+01
6.797396281391642958e+01 2.382619268537779078e+01
6.816583960442505941e+01 2.403154903938197506e+01
6.835770726008775000e+01 2.423787282721475833e+01
6.854958135549972553e+01 2.444516221256243682e+01
6.874144158905694724e+01 2.465340588724793491e+01
6.893330844639427823e+01 2.486264331923900173e+01
6.912516539890256695e+01 2.507285573429131276e+01
6.931702819482795519e+01 2.528403587499971295e+01
6.950888021124676186e+01 2.549616971796099563e+01
6.970073821855250173e+01 2.570928392962719045e+01
6.989258648899495086e+01 2.592337387427099671e+01
7.008444272132466324e+01 2.613844509931728055e+01
7.027628697313393502e+01 2.635445750721468627e+01
7.046813913038174348e+01 2.657144264738892403e+01
7.065997939356391555e+01 2.678938618576921726e+01
7.085182739126048546e+01 2.700830513099187158e+01
7.104366472903440410e+01 2.722817791159019762e+01
7.123550945769908083e+01 2.744900875304966803e+01
7.142734309962466455e+01 2.767078025256363816e+01
7.161918521665297988e+01 2.789352942366699395e+01
7.181101635366317737e+01 2.811723813890197832e+01
7.200285378846190554e+01 2.834191506420938111e+01
7.219467806302272095e+01 2.856754594699136263e+01
7.238650667975556985e+01 2.879413604775125535e+01
7.257833337131341978e+01 2.902169656284120691e+01
7.277015019047321687e+01 2.925022030634077908e+01
7.296197530911129547e+01 2.947971893707064694e+01
7.315379159044908874e+01 2.971016500225828949e+01
7.334561537961923250e+01 2.994158730736300456e+01
7.353742848083028605e+01 3.017396303652280665e+01
7.372924801166368525e+01 3.040731637792810105e+01
7.392105623718114771e+01 3.064161960934182360e+01
7.411287094923642371e+01 3.087690064930800560e+01
7.430467367887881380e+01 3.111311333195701678e+01
7.449648415066016582e+01 3.135028604552304188e+01
7.468828503527926443e+01 3.158840077046918182e+01
7.488009347145147387e+01 3.182749451246374406e+01
7.507189060359411314e+01 3.206753135351593187e+01
7.526369388561832352e+01 3.230852938760875048e+01
7.545548523745449643e+01 3.255048758848763413e+01
7.564728415474456824e+01 3.279343490992978616e+01
7.583907057780834293e+01 3.303733812031711636e+01
7.603086669616935467e+01 3.328222722739178607e+01
7.622265336886954401e+01 3.352807610303889163e+01
7.641444664994490665e+01 3.377490535502720803e+01
7.660622879601505986e+01 3.402268418769749303e+01
7.679801839880384762e+01 3.427142915819391078e+01
7.698979636630204482e+01 3.452112048861839355e+01
7.718158337948682401e+01 3.477178391654695844e+01
7.737336836297971843e+01 3.502340187885199185e+01
7.756514170905388994e+01 3.527595368809283372e+01
7.775692360167863626e+01 3.552947845356693790e+01
7.794869665323111008e+01 3.578395471831147034e+01
7.814047561483569382e+01 3.603939328260936747e+01
7.833224323317818971e+01 3.629576120698953901e+01
7.852401761516121326e+01 3.655309340312228983e+01
7.871578303334625559e+01 3.681138160832339423e+01
7.890755730603325446e+01 3.707064824427855143e+01
7.909931990288856696e+01 3.733085383990847106e+01
7.929108972346000428e+01 3.759202866240337215e+01
7.948284847153834676e+01 3.785413549339752848e+01
7.967461426824964121e+01 3.811720054223653165e+01
7.986636959336287589e+01 3.838121582077455685e+01
8.005813429734570263e+01 3.864622060264814252e+01
8.024988923104641003e+01 3.891214144185733659e+01
8.044165155032662540e+01 3.917902749121278561e+01
8.063340446305262788e+01 3.944685610491378469e+01
8.082516557598175666e+01 3.971566076152230806e+01
8.101691641640526598e+01 3.998542978495443379e+01
8.120867700139122292e+01 4.025618453048588208e+01
8.140042710947084004e+01 4.052789689200902501e+01
8.159218491206728174e+01 4.080059912527815413e+01
8.178393267488691265e+01 4.107424661502719232e+01
8.197569083217295827e+01 4.134887352917358072e+01
8.216744799766702556e+01 4.162446977927980640e+01
8.235919388983784017e+01 4.190101262429722340e+01
8.255094779471816935e+01 4.217853560013734437e+01
8.274269217041991453e+01 4.245700045880415274e+01
8.293444548683103790e+01 4.273643709854044204e+01
8.312618875672158936e+01 4.301680960815675547e+01
8.331794056938576887e+01 4.329816963502972271e+01
8.350968288556821051e+01 4.358046869716520177e+01
8.370143178256489591e+01 4.386373983726078052e+01
8.389317191928016371e+01 4.414796432481113442e+01
8.408492086268849164e+01 4.443315119948576353e+01
8.427666040212623955e+01 4.471928181204219044e+01
8.446840898698182798e+01 4.500638425545011501e+01
8.466014857851975250e+01 4.529443263456384017e+01
8.485189709970764227e+01 4.558345549705532562e+01
8.504363180966514335e+01 4.587342022285450582e+01
8.523537452925182833e+01 4.616435560959278206e+01
8.542710873714325714e+01 4.645623297107757566e+01
8.561885216531393894e+01 4.674909286112202267e+01
8.581058541551679753e+01 4.704290390593715898e+01
8.600232835492367656e+01 4.733768688068697372e+01
8.619406080382441360e+01 4.763342124650684895e+01
8.638580122577126019e+01 4.793012615534031795e+01
8.657753200070609978e+01 4.822777550103697308e+01
8.676927168161198267e+01 4.852639969148504662e+01
