-2.203496698188781622e+01 2.853992151362110707e+00
5.616642648577689911e-01 4.291326856638965070e-01
-4.828275901317596208e+00 9.480935770868321733e-01
-3.415777601718902901e+01 4.103956640359935015e+00
1.348958051371574385e+01 6.718100625923490554e+00
3.172956521224975646e+01 1.175370012511410245e+01
-4.554307896423340196e+01 5.709782615085851276e+00
-1.433799948692321691e-01 1.396826803070710277e+00
-1.474758709669113266e+00 7.817629986590362012e-01
4.903304587936401049e+01 1.706811167901463122e+01
-2.548533162117004380e+01 3.168096188220297371e+00
4.655874131965637019e+01 1.624290244613831291e+01
-2.574678350830077989e+01 3.193265553177089267e+00
-8.514007200956344334e+00 1.314702799049149329e+00
1.401230206251144494e+01 6.881746411906364713e+00
3.602373049855232434e+00 3.408141078484805409e+00
3.973573173284530857e-01 6.030713197636539125e-01
3.406317379856109540e+01 1.240807933986872058e+01
1.242715936779975827e+00 2.183924700189132651e+00
3.308527027320862146e+01 1.213124443238089079e+01
-3.592174668216705413e+01 4.324405859537678865e+00
-3.755998512208461815e+00 8.832545717472233271e-01
3.973926605033874182e+01 1.408291038552962782e+01
5.188933809471130587e+01 1.805180932597013665e+01
5.100909467315673851e+01 1.774498578876536214e+01
-3.390649658024311286e+00 8.628879852138512385e-01
6.927011946320534186e+00 4.674054577273946798e+00
-2.394419934749603407e-01 1.306132609342170792e+00
-3.476791501331329215e+01 4.178991374914881263e+00
-1.741228893280029411e+01 2.489172910326917343e+00
-8.400124204158782248e+00 1.300998282471115042e+00
3.024347141683101814e+00 3.109215868006133920e+00
-4.400340649032592921e+01 5.468286754837956565e+00
-7.347670291900635142e+00 1.175748257128316876e+00
6.043760483860969313e-01 5.950370214732125795e-01
-3.892044782876968423e+00 8.917268273873911744e-01
-4.188108823776244805e+01 5.147618075291044981e+00
4.005420253181457468e+01 1.417902855409793794e+01
1.077458155333995915e+00 3.495006830149462451e-01
-2.857311905622482162e-01 8.827915385325365571e-01
2.888809976959228365e+01 1.097727313453329145e+01
-1.875725773572921895e+01 2.593533206109927214e+00
1.990777952075004631e-01 7.317014351515217507e-01
9.546977186203002563e-02 1.568830142636709946e+00
-3.096413363218307513e+00 8.471896408132069123e-01
5.169821065902709734e+01 1.798498264732353036e+01
-3.112956570243835586e+01 3.752237578572479748e+00
-3.347893037128448412e+01 4.022364083626573716e+00
-1.331495545244216849e+01 2.136129480535807978e+00
-3.463685503005981303e+01 4.162757997582933633e+00
-4.560964698600768941e+01 5.720381629557200753e+00
-2.885210916233062761e+01 3.505841340769229042e+00
-3.428667447948456015e+01 4.119673850536304194e+00
-2.423783061683177920e+00 8.183686027237423444e-01
-8.196753014564514217e+00 1.276809778584810706e+00
-4.882528640866279801e+00 9.509414763375435564e-01
7.564182713031768479e-01 3.436917121356754534e-01
-2.973206165504455711e+01 3.599166421819853579e+00
5.084219369888305806e+01 1.768716387834729531e+01
2.725777849555015564e-01 6.307116307406034350e-01
1.139275554358959219e+00 3.541286874907739191e-01
-2.294993224239349416e+01 2.933996112626044983e+00
-2.195096068382263177e-01 8.654527358689743100e-01
-5.371761992573738376e-02 8.387469574573680475e-01
4.273025311660766334e+01 1.500886213838898797e+01
-4.963458216071129137e+00 9.551773398277735305e-01
3.191869802832603575e+00 3.196805991975974148e+00
-4.675311832427978764e+00 9.400169637125865840e-01
-1.602344298696517910e+01 2.378980214201041221e+00
4.508606003761291703e+01 1.576148186549583130e+01
-7.057089665412902946e+00 1.142445023606341481e+00
-4.347052074670791355e-01 7.181473376278584286e-01
7.834358293652534222e+00 4.947916531897269543e+00
4.662702930569648796e-01 6.122083589981502927e-01
-3.738766072392463724e-01 1.061200522933130497e+00
-4.199496393203735067e+01 5.164402729205515463e+00
3.652085841655731357e+00 3.433520132105782885e+00
-4.885746548271179535e+01 6.252589445378024635e+00
-1.335320559740066493e+01 2.140316174936783167e+00
5.107639348602295115e+01 1.776833818544736943e+01
2.232641943693161046e-01 7.163799691713929052e-01
-4.395615885162353464e+01 5.460993930502334948e+00
2.064590047645569015e+01 8.770275306059122755e+00
1.152077738761901893e+00 3.572085459160532217e-01
-3.232338271236420013e+01 3.887055465363283169e+00
-5.223118131756782745e+00 9.695975588087279995e-01
1.162429866015911140e+00 3.659977369284637683e-01
3.222403200268745271e-01 6.475987343504718829e-01
6.216558294296264942e-01 5.925063818213988087e-01
-3.757741889953613024e-01 1.036823942606625470e+00
-2.205633182048797636e+01 2.855824638563561280e+00
-1.578951868414878890e+00 7.870947896898509155e-01
-2.588326342225074850e+00 8.246319380821094391e-01
3.702654422092437869e+01 1.326821434533324862e+01
-1.441516551685333170e+01 2.245629489033225124e+00
-3.199053020954131910e+01 3.849038865527199871e+00
2.890946741580962964e+01 1.098303917589247547e+01
3.313898199081420870e+01 1.214635049295810632e+01
-1.879520268678665174e+00 8.012687253495215378e-01
7.653567972183227264e-01 3.426557012505196953e-01
-6.290880638837814232e+00 1.050763436754506674e+00
-1.607705844974517717e+01 2.383195893729299630e+00
-2.655630141496658325e+00 8.273187789041501761e-01
-3.159117535591125403e+01 3.803892541895678825e+00
4.338722982597351319e+01 1.521653219857645922e+01
3.581959544420242336e-01 6.253997098898628204e-01
9.292705571055411840e-01 3.433803795014280791e-01
6.885945135354996083e-01 3.584171686619870290e-01
2.643039710712432822e+01 1.031966834873281336e+01
-9.102629658460617890e+00 1.394253562411519320e+00
-2.050348407030105624e-01 8.633436578032450681e-01
1.424420044064521740e+01 6.954069939535649780e+00
6.004860833883285398e-01 3.998227163699991649e-01
-5.152469421029091112e-01 7.237693151562873961e-01
1.225638840198516877e-01 1.586156548563555591e+00
2.026988819980621415e+01 8.667852468853000758e+00
4.429992165565490581e+01 1.550793391019622192e+01
1.713010065078735522e+01 7.788725173260240275e+00
-2.925556428718567048e+01 3.548320073527074570e+00
1.119585389435291400e+00 3.846852098013792687e-01
-2.038702933645248550e+01 2.719257609650364227e+00
2.371783486795425588e+01 9.594618297822124831e+00
1.014785072267055499e+00 4.265442298652651343e-01
-4.204867828750610670e+01 5.172328183901512055e+00
1.109917013585567380e+00 3.506436419894546352e-01
-3.790817313194275062e+00 8.854034458158402954e-01
1.699925575852394011e-01 6.456251842033855493e-01
-2.334140248179435773e+00 8.153088479365664387e-01
-2.540513313412666174e-01 1.290780205660859048e+00
-7.255901085615158230e+00 1.165325095964060864e+00
1.911039815711975010e+01 8.346487780354989283e+00
1.280513213276863183e-01 7.775380674342516896e-01
-1.764010425138473437e+01 2.507012821642879974e+00
-7.015079919099808103e-01 7.368718335176966949e-01
8.428400039553642031e+00 5.129341080855329693e+00
3.388350821018219161e+00 3.298781482575259716e+00
-1.009495875191688619e+01 1.575295794041208453e+00
2.596045646667480278e-01 6.920429972858852530e-01
2.445509985983371770e+00 2.805263226435719570e+00
-3.286675658607482831e+01 3.950009421670292564e+00
-1.768823829126358049e+01 2.510767330139541009e+00
1.142793718039989415e+00 2.131335598201464787e+00
2.828723170757293515e-01 6.758667251863715864e-01
5.339155989885330245e-02 8.133396005336589463e-01
-3.315247108042240320e+00 8.588017979879144503e-01
2.405969214916229149e+01 9.686177101717088789e+00
2.204426640653610292e+01 9.146251534306141906e+00
-1.345302886426448907e+00 7.752402919174073981e-01
2.141646735668182311e-01 7.222016634870650487e-01
5.028225624275207650e+01 1.749397863698682798e+01
5.023571068048476862e-02 8.144290881846302232e-01
2.799810940027237099e-02 8.210078278378040162e-01
-1.389226581621170098e+01 2.196137604881285288e+00
5.288840404748916812e-01 4.608794313633045592e-01
7.744809517860412607e-01 3.417840128711141512e-01
-9.572417398691177581e+00 1.471892278219515626e+00
1.019861199927330020e+01 5.668724533879519356e+00
-2.868902475643157857e+01 3.488793991598978739e+00
-3.527067255687713754e+01 4.241836448871384668e+00
-3.360781916904449673e+01 4.037736355831407664e+00
6.106415095210075528e+00 4.418238418374719423e+00
1.815644919276237501e-01 7.425055435806174886e-01
7.501562859416007756e-01 5.657911792285985619e-01
-3.673955631554126633e-01 9.708715899333210109e-01
-1.666473489904403849e+01 2.429995804807334014e+00
1.542391387987136753e+01 7.309721395834457347e+00
-3.122188471126556308e+01 3.762534647167070645e+00
-4.782308843994140801e+01 6.079375510565014906e+00
8.489783182144164941e-01 5.217508690146803740e-01
-2.021278134059906151e+01 2.705649744524903255e+00
-2.706307987308502305e+01 3.322655082233680446e+00
-1.358220313692092951e+01 2.164831950046172349e+00
-4.592530246353149437e+01 5.770781394138522202e+00
-6.595458514809608097e+00 1.086025556784594670e+00
-8.589432580947875095e+00 1.324005827206760078e+00
-7.317349939227104194e+00 1.172333085114942941e+00
1.046482433378696397e+00 4.101976153266143066e-01
9.814184092998504028e+00 5.549843429669418349e+00
-1.849551624059677171e-02 6.765033476935287116e-01
3.561974925327301378e+01 1.285565066520091904e+01
-5.323518460512160821e+00 9.753453113333213631e-01
-1.752134044528007584e+00 7.956426700129924923e-01
2.491127055883407548e-01 6.338859122377210609e-01
-1.467979471778869716e+01 2.268464006705050995e+00
-8.784430320024490868e+00 1.349142302336382215e+00
-6.633852476596832304e+00 1.090753045561384749e+00
-3.228042980670929296e+01 3.882130565787545784e+00
1.144154873371124204e+00 3.551102234241699240e-01
5.311965311622619623e+01 1.848682818379159087e+01
-2.984153686523437443e+01 3.610926931348020563e+00
-6.720842363119125196e+00 1.101596349292384813e+00
-1.819779815673828183e-01 8.605579822662288159e-01
-3.002829319286346532e+01 3.631086134191444881e+00
2.146004132747650317e+01 8.989581004056571345e+00
-7.246547418117523343e+00 1.164260306151971402e+00
-1.454732092022895940e-01 8.553527921539713086e-01
1.517121088957786590e+01 7.236619165453922697e+00
1.081947569787502283e+00 2.099765326968713541e+00
-3.043061343431472943e-01 8.909678103262962390e-01
-4.958264661407470442e+01 6.376051582509002280e+00
-1.790818558645248260e+01 2.527833116891748055e+00
1.162373941123485466e+00 3.654452293518516415e-01
-3.612315509915351996e-01 9.538477108959603212e-01
1.134207949042320279e-01 7.863849702130305541e-01
3.476639000773429911e-01 1.721739352929208211e+00
8.688091359734535502e-01 3.405687205286102026e-01
-4.902911575317382642e+01 6.281694288462525755e+00
4.205294401645660596e-01 5.890873978564931113e-01
4.580762318992614723e+01 1.599615090448321020e+01
-8.262823402285576213e-01 7.460530027852723123e-01
-4.081746193885803109e+01 4.992527484474998722e+00
3.635129483509063419e+01 1.306929142098396035e+01
8.210476994514465110e-01 5.369342466286348703e-01
-2.652701451969146618e+01 3.269442735413378820e+00
6.524431866645812761e+00 4.549875841050774028e+00
-3.425001167654991296e-01 9.220145590174991801e-01
6.320491675972938594e+00 4.486455426528491053e+00
8.250647221207618731e-01 5.348944605973638966e-01
2.831419779682159543e+01 1.082326421166096964e+01
-4.227856507492065674e+01 5.206403550467385344e+00
-3.622258611488341984e+01 4.363115696459181514e+00
5.469754435920714997e+01 1.905465085471923814e+01
-8.934607070446014987e+00 1.369757306318705847e+00
2.094205635213851835e+01 8.850218704650355761e+00
5.312595229148864284e-01 6.053382527074472330e-01
3.067575990915298423e+00 3.131867430921161155e+00
-2.311466846466064595e+01 2.948723563115811075e+00
-2.395384872198104809e+00 8.173586013351534785e-01
5.315734499740600683e+01 1.850026652461530219e+01
3.777453447818756160e+01 1.349034202406880034e+01
-3.652190078496933001e-01 1.104243053377511830e+00
-6.311004491925239712e+00 1.052990338618333466e+00
1.927265705204009905e+01 8.392060428107390280e+00
4.271409519004821931e+01 1.500377662313392690e+01
-4.944319900703430193e+01 6.352214850139324298e+00
2.296217206811904887e+01 9.392186975407636140e+00
-3.644178122043609847e+01 4.391534987785054689e+00
-3.743705234527587855e-01 1.005088947921581655e+00
3.496362335109710529e+01 1.266590528640894675e+01
4.332260830307006927e+01 1.519600053238969828e+01
-2.255240135192871087e-01 8.664102991989667268e-01
2.176764556694030617e+01 9.072045828736197137e+00
4.170174255943298647e+01 1.468713704196440517e+01
-3.808578450679779337e+01 4.610057951856460612e+00
2.541065298652648963e+01 1.004693210489455701e+01
-1.929940936326980605e+00 8.032735135044869468e-01
-5.768631588101387209e+00 1.003772258690831309e+00
5.388049062490463115e-01 4.505100142687102349e-01
2.397631792843341714e+00 2.780091733763788930e+00
2.266111268568038994e+01 9.311296352592485448e+00
8.129345257163047123e+00 5.037435519177043020e+00
-4.777157925224304336e+01 6.070866109982321568e+00
-5.560474097728729248e-02 8.390972277128102563e-01
-7.073429402828216972e+00 1.144344681974130529e+00
3.927897781848907499e+01 1.394311963413545463e+01
4.203290513610839696e+01 1.479026749948376818e+01
3.128426145076751652e+01 1.163126215127749852e+01
-9.131961303949356790e+00 1.398757634162688390e+00
3.883741660118102956e-01 6.083524634866307457e-01
2.104260458588600002e+00 2.625902681291990337e+00
3.839078895759582366e+01 1.367502147444439586e+01
3.367283771038055429e-01 1.715115333539096953e+00
3.930589326858520849e+01 1.395128037020404044e+01
-1.743944274139404271e+01 2.491299359381379919e+00
1.654005350649356831e+00 2.393000026435859962e+00
-4.365549834251403638e+01 5.414682151675687116e+00
-4.788598866701126333e+00 9.460225652643353689e-01
-4.820725185012817349e+01 6.143186259663528048e+00
4.060870702457427939e+01 1.434903841234446986e+01
3.456325511336326706e-01 1.720514232224616524e+00
-7.353921209573746065e-01 7.393981431340391763e-01
-2.566891785264014958e-01 1.287985621843934281e+00
1.089410436332225895e+00 3.497029335955390006e-01
-4.925225449752807805e+01 6.319635589150959909e+00
3.709197995066642606e-01 6.183784329516360811e-01
1.160594045281410303e+00 3.712896815954540575e-01
-5.177046043395995945e+00 9.669995607099541868e-01
1.080527514338493367e+00 3.961215450019350826e-01
7.112035990357399307e-01 5.759197092117042116e-01
-3.342069312393665115e+00 8.602508178232041169e-01
-1.656912332057952852e+00 7.909413200642145814e-01
-2.605540507125854433e+01 3.223187854973243560e+00
3.000332732963562066e+01 1.127999417984549879e+01
1.034690698170661882e+01 5.715607319203835246e+00
3.168932367229461633e+01 1.174261863336009171e+01
5.223661469459533890e+01 1.817374307155601088e+01
-1.134298834419250568e+01 1.835882395495939345e+00
6.130571596026420655e-01 3.922970656476882922e-01
-3.053060648536682109e+01 3.685947349812698448e+00
6.674338613033294898e+00 4.596109469394883185e+00
2.112155114364623998e+01 8.898454155235388185e+00
4.873689098167419331e+01 1.696825115181031762e+01
-3.652774039077758772e+01 4.402724439508104659e+00
-3.270137452411651680e+01 3.930719000950614994e+00
-8.402414735078812313e+00 1.301272958703454385e+00
-3.892826724827289642e+00 8.917761263703504193e-01
5.490094910264015304e+00 4.219377503721750244e+00
-4.604984345245361510e+01 5.790741502648957706e+00
-3.523414651679992460e+01 4.237240707894724956e+00
2.911545249223709275e-01 6.697738127022414556e-01
-1.440717484903335510e+01 2.244932484481648505e+00
4.075946767425536876e+01 1.439546180594736491e+01
1.132406293094158078e+00 3.812356216941364395e-01
-7.205077814579009754e+00 1.159532079971031582e+00
-4.043708961677550917e+01 4.937879811704022792e+00
4.979496751022338685e+01 1.732694212282046564e+01
5.402073774933815464e-01 4.491128818433248737e-01
2.358122984075546213e+01 9.558006776010964600e+00
6.207216567993164569e-01 3.880459567877587723e-01
-2.981148480892181496e+01 3.607695657824209423e+00
-2.152036870098114107e+01 2.810372206382184768e+00
-3.003688096618652281e+01 3.632016194402380105e+00
-3.454018034839629792e+01 4.150819310893642644e+00
4.807078250050544899e-01 5.226805435119752374e-01
2.638794976329803532e+01 1.030833652323824623e+01
3.717182603454590151e+01 1.331122165501193244e+01
2.307019091844558778e-01 7.114811173960444712e-01
-1.429751107931137000e+01 2.235103391429895225e+00
8.540705448389053211e-01 3.402637958524822870e-01
4.208527597427368150e+00 3.707612821496070410e+00
-2.646089110374450493e-01 7.047642414308161740e-01
4.515337341880798050e+01 1.578328888407445874e+01
-6.802256381511688488e-02 6.836775554825285095e-01
4.674152172803878735e-01 5.420936262658592186e-01
-1.334137756526470320e-01 8.532652851714401798e-01
6.263315433621406747e+00 4.468340443567347720e+00
-4.725858150291443138e+01 5.986573083451353305e+00
1.558491170763969480e+00 2.344524092574997276e+00
-9.005589227199553903e+00 1.379806713914140115e+00
-2.402423846721649103e-02 6.773377815300690719e-01
-4.308631382942199650e+01 5.327745437633533143e+00
-4.540136393547058447e+01 5.687272639394444163e+00
8.004677170515059892e-01 5.469224264136292035e-01
7.990940853953361067e-01 5.475419172539841561e-01
3.107239770698547332e+01 1.157307105643591960e+01
3.623566619753837426e-01 1.730567328677051764e+00
-4.671543880081176781e+01 5.898103490823586093e+00
-4.923723623657226511e+01 6.317076493833240214e+00
-4.862357531738281580e+01 6.213056980722455158e+00
-1.415254421329498236e+01 2.221440831222290413e+00
9.254307990670204154e-01 2.023587036171746956e+00
5.294465586471557828e+01 1.842453028348878874e+01
-9.290761733651161647e-01 7.528734553511263750e-01
-3.481636477708816568e-01 9.295240159924345047e-01
-7.682538942098617873e-01 7.418554082890560508e-01
-2.252861803722381495e+01 2.896785175113541388e+00
-4.132028500366210721e+01 5.065417300212192941e+00
3.123672868013381843e-01 6.543953669229046755e-01
-4.766211710166930970e+01 6.052814280218865584e+00
-1.150393409228324870e+01 1.866531066059467614e+00
3.808668152141571284e+01 1.358372873869922515e+01
2.932639492511749424e+01 1.109577894586618463e+01
6.649884617328644110e-02 8.084464304023127879e-01
4.577028567194938447e-01 6.130378322822068737e-01
-1.564069927334785559e+00 7.863621248553405163e-01
-2.808047890841960825e+00 8.335006517401779558e-01
-1.787128777265548640e+00 7.973221881079286533e-01
4.957546263456344526e+00 4.032261215116484721e+00
2.944674082756042566e+01 1.112840031906091554e+01
-2.159293657875061001e+01 2.816464970950247615e+00
4.833301271247863440e+01 1.683269347584142039e+01
1.126647232174873281e+00 3.827809523927507840e-01
9.608141636848449352e+00 5.486568598652993067e+00
-2.852809993457794135e+01 3.472020038742110959e+00
7.963534910440444925e+00 4.986777941035650308e+00
1.155411476075649313e+00 3.583338769003943103e-01
6.283288092613220632e-01 3.840228302767308421e-01
1.058118717968463907e+00 4.049349998210841073e-01
5.327226375937461622e-01 4.567667308372742596e-01
-3.636656677913665447e+01 4.381766342409137316e+00
3.078284055709838896e+01 1.149352227374083135e+01
2.390711522197723227e+01 9.645246070168001395e+00
3.257117279171943824e-01 6.453254889914613601e-01
2.048737908601760971e-01 7.280634380028289110e-01
-1.220245824861526529e+01 1.991199018897937156e+00
-2.501606249427795348e+01 3.123491808820220150e+00
3.553369334888458297e+01 1.283065505746435164e+01
-3.720754188597202305e-01 9.902937679311161201e-01
-1.044427024507522539e+01 1.651140226540571465e+00
3.108640184879302826e+00 3.153390613554680311e+00
5.087988058662414659e+01 1.770020890989135509e+01
-1.450117085027694763e+01 2.253126891641207497e+00
4.932382133865356622e+01 1.716659117485658825e+01
5.803636669754982158e+00 4.320981954773662537e+00
1.961125012040138282e-01 6.415455412989694572e-01
9.456892690062522755e-01 3.441143324698592298e-01
-1.264874361085891685e+01 2.056127041361738517e+00
3.681400667953491279e+01 1.320543703915891065e+01
1.153137541115283993e+00 3.575397068713153104e-01
-2.152951537370681734e-01 1.330690302835605854e+00
2.615194427967071533e+01 1.024526729220676202e+01
-3.863146967113018082e+00 8.899074259240462581e-01
1.507132475399970950e+01 7.207043548211396811e+00
-3.404887346386909375e+00 8.636654858040567762e-01
-1.328290916085243245e-01 1.405826325181022796e+00
-2.835773122906685151e-01 8.819731275225290990e-01
3.646158305740356553e+01 1.310166860983883907e+01
-3.080109292602539028e+01 3.715786102131600099e+00
-6.882732924222946025e+00 1.121744973282622571e+00
4.063536615967750509e-01 6.174459717939709824e-01
9.223401596546173531e-01 4.785601517205325672e-01
5.270786547660827326e-01 4.628552946483655561e-01
-4.778445908927917429e+01 6.072992179333134288e+00
4.921635739207267934e-01 6.097197609619307013e-01
2.160337112712860019e+01 9.027973002300939243e+00
1.455493339896202221e-01 1.600718091633979823e+00
-1.531965829133987433e-01 8.566373000438710639e-01
3.156197032332420105e-01 6.521082096716134258e-01
8.868933532834053501e-01 3.411840831618936365e-01
-1.954964676499366671e-01 8.622263487812665828e-01
5.452202564477920399e-02 6.647233620332846371e-01
-2.782873663139343279e+01 3.399981527481980237e+00
-4.219351295411586378e+00 9.123456857952094712e-01
-2.953031454682350176e+00 8.400059521897683679e-01
-1.235489175617694890e+00 7.700538060971960919e-01
-2.774508658027648877e+01 3.391456891751065683e+00
-2.003555657088756714e+00 8.060864131421925372e-01
2.361845948696136566e-01 6.356952654196599273e-01
3.279522336292266971e+01 1.204987494242069346e+01
1.017138607680797557e+00 4.252482682144075876e-01
1.088517642259597684e+00 3.496912365391758870e-01
-3.530505171775817530e+01 4.246165572593846527e+00
7.916349477171897853e-01 1.959150347226650712e+00
6.574866462707519510e+00 4.565482762344688972e+00
-2.178295183467864859e+01 2.832504319079093502e+00
-3.797796079576015504e+00 8.858341459244563065e-01
-1.583929872512817444e-02 6.760950542453042500e-01
-5.766807326197624484e+00 1.003638433522140661e+00
-4.569768334388732711e+01 5.734411188729587217e+00
1.494464259147643970e-01 7.633540344623133134e-01
-2.444981127977371299e-02 8.332916632138956947e-01
8.921137733459472141e-01 3.414118243089380722e-01
5.991749113798141568e-01 4.006506435931769805e-01
1.249221361541748010e+01 6.403607442059188415e+00
5.622755108475685493e-01 4.285939396949591806e-01
3.159273820781707798e+01 1.171605529914920396e+01
1.442828323841094940e-01 6.498595833305232938e-01
1.207269238138198908e+01 6.271293121222442757e+00
3.786602415847778502e+01 1.351765793517832570e+01
1.014068417668342548e+00 2.066188298490034381e+00
4.286655346751213069e-01 5.837614776060181532e-01
1.360699791073799236e+00 2.244717236861314635e+00
1.161434058952331583e+01 6.123857006596728603e+00
-1.283481689882278509e+01 2.080081510064623718e+00
-3.153884521722793433e-01 8.973598438994275783e-01
-1.843945145702361899e+01 2.568754692231004721e+00
3.044853308200836106e-01 6.268195179192203037e-01
3.618485563993453780e-02 8.187698839685768615e-01
-6.720521031618118535e-01 7.347182045183772159e-01
-1.047051259875297546e+01 1.656824376360046092e+00
4.581569836235046722e+01 1.599878996967831668e+01
-4.060686343955993749e+01 4.962227915943063117e+00
1.161366651892661972e+00 3.629089509570014860e-01
1.837111324071884211e-01 1.624260118440628897e+00
-2.156732227325439410e+01 2.814312417606490868e+00
5.593827002048492592e-01 4.311558639342691346e-01
2.106155565381050143e-01 7.244596160304231924e-01
1.161688171923160651e+00 3.695911833013098557e-01
3.717371407151222051e-01 6.179307595004037701e-01
1.326747026062011692e+01 6.648318706185385452e+00
2.319283436393737929e+01 9.453958875623124314e+00
3.000045806169509763e-02 6.687990523537408194e-01
2.673720806241035586e-01 1.673820117504006166e+00
1.199961779713630688e-01 7.825397075556463911e-01
1.220777131319046083e+00 2.172479536454073212e+00
-3.728635183429717870e+01 4.502594025219310403e+00
3.876756905460357672e+01 1.378845522783275435e+01
-2.259917267704010158e+01 2.902968032751197747e+00
-4.094639403343200712e+01 5.011119909426789754e+00
-2.047208999204635660e+01 2.725896633229564880e+00
1.207494353055953984e-01 7.820824572242988104e-01
5.056019835472106427e-01 4.886354193681963221e-01
-1.028394435048103350e-01 8.477665331201326149e-01
-4.500410701942443836e+01 5.624477933390836348e+00
5.922418614029884010e-01 5.967981240785041885e-01
-2.615003529787063852e-01 7.044986003583296741e-01
-2.211205461144447160e+00 8.120485385840897630e-01
-2.798982884287833928e-01 8.806657767408080373e-01
-3.161264351367950454e+01 3.806307100608987248e+00
3.691623617553710801e+01 1.323560565938461231e+01
8.568139956593513462e-01 3.403083859133250177e-01
-3.866607195281982712e+01 4.689271293454646106e+00
-3.196261928081512593e+01 3.845867111242356806e+00
9.527924462556839336e-01 3.443368685554070163e-01
-4.864701673269271609e+00 9.500060946995940725e-01
3.635666926002502208e+01 1.307086737992821313e+01
1.356543351697921729e+01 6.741851994229115519e+00
4.684578577280044676e-01 5.406155497656245368e-01
-2.777296682357788171e+01 3.394295047934086984e+00
-4.932309979200363154e-02 8.379472834325538688e-01
9.717120124697685712e-01 3.447237958480369180e-01
-2.003873132753372133e+01 2.692144496317283586e+00
-4.813062881946563287e+00 9.472988885833792949e-01
3.767228569412231565e+01 1.345987498409441585e+01
-3.307752361297607302e-01 9.095985566463574701e-01
5.955098077654839006e-01 5.963214277976897071e-01
-4.071646129417419502e+01 4.977987484655570505e+00
1.132016061544418406e+01 6.027721280676071380e+00
-3.184237938880920282e+01 3.832235327695507010e+00
1.162313314080238413e+00 3.651395137790882650e-01
