-1.036656462669968590e+02 1.882150936846562104e+02
-1.034139772217869790e+02 1.870222005486101864e+02
-1.031623058745264956e+02 1.858340689938026742e+02
-1.029106231381297079e+02 1.846504007367495603e+02
-1.026589432213902455e+02 1.834713476729765205e+02
-1.024072772062420853e+02 1.822946371151561209e+02
-1.021556391271352737e+02 1.811224852040580515e+02
-1.019039875614047048e+02 1.799548868831967354e+02
-1.016523371124267641e+02 1.787923681229513591e+02
-1.014006663919091267e+02 1.776346506621417234e+02
-1.011490140061974472e+02 1.764820120038413620e+02
-1.008973775615096145e+02 1.753352806118930118e+02
-1.006458025242686318e+02 1.741949864486412594e+02
-1.003942553119063348e+02 1.730610732709019146e+02
-1.001427307742238071e+02 1.719329614711220984e+02
-9.989121223717927478e+01 1.708109421836171578e+02
-9.963969725650548526e+01 1.696938588103979839e+02
-9.938817917054890927e+01 1.685817926142343595e+02
-9.913666955643891754e+01 1.674746152260644578e+02
-9.888514105230569839e+01 1.663717088114778733e+02
-9.863359481084346214e+01 1.652737006295667754e+02
-9.838204071223735525e+01 1.641807190520998461e+02
-9.813049588435887927e+01 1.630923646944787890e+02
-9.787894343346357573e+01 1.620085287737187230e+02
-9.762738734251260553e+01 1.609292174426263955e+02
-9.737586121279001361e+01 1.598562211353664679e+02
-9.712434370839595488e+01 1.587883429227787815e+02
-9.687285020107030675e+01 1.577257196726952770e+02
-9.662138831609487966e+01 1.566700808062219039e+02
-9.637001735621690557e+01 1.556224675297781914e+02
-9.611864485317468620e+01 1.545797505216117145e+02
-9.586727481454610711e+01 1.535418859154541167e+02
-9.561587451905012358e+01 1.525085746046665633e+02
-9.536449166208505801e+01 1.514800638846067216e+02
-9.511313477975130581e+01 1.504563323051231691e+02
-9.486183319485186871e+01 1.494377251461804406e+02
-9.461053802794218370e+01 1.484244453616375949e+02
-9.435923879885673671e+01 1.474159415888916840e+02
-9.410796699023246958e+01 1.464137485909949703e+02
-9.385671672016381706e+01 1.454170634295125808e+02
-9.360545403581858181e+01 1.444248860076789924e+02
-9.335419323694705440e+01 1.434366740517102699e+02
-9.310291361397504772e+01 1.424524525095233685e+02
-9.285164533734321424e+01 1.414738558827138775e+02
-9.260038704633713280e+01 1.405017104215696122e+02
-9.234916582900285675e+01 1.395361200833694681e+02
-9.209791534548998015e+01 1.385749155859575126e+02
-9.184663029664754674e+01 1.376181260552631045e+02
-9.159530669969319661e+01 1.366654176642649645e+02
-9.134398003721237558e+01 1.357170632796056111e+02
-9.109264248114824625e+01 1.347734485777679367e+02
-9.084132804441452436e+01 1.338353410664192609e+02
-9.058999340373277676e+01 1.329015109066205866e+02
-9.033866807281971489e+01 1.319711420364182572e+02
-9.008741362851857559e+01 1.310453399487832371e+02
-8.983619313400983231e+01 1.301234360382979389e+02
-8.958500867372751486e+01 1.292059964259569540e+02
-8.933383416968584356e+01 1.282939239799035818e+02
-8.908262991631031014e+01 1.273859965599157391e+02
-8.883141068804263796e+01 1.264822956677786436e+02
-8.858022993153333857e+01 1.255828537473325213e+02
-8.832903015184402307e+01 1.246872199711906148e+02
-8.807782839757203419e+01 1.237959564594064545e+02
-8.782656512409448624e+01 1.229088655975573801e+02
-8.757524876010417358e+01 1.220263303079486832e+02
-8.732390529173612492e+01 1.211482857452822515e+02
-8.707255619812011105e+01 1.202746204087878397e+02
-8.682117646926641896e+01 1.194048276357126923e+02
-8.656982016521692458e+01 1.185391927047078724e+02
-8.631847371226548660e+01 1.176777899920772228e+02
-8.606714246100187893e+01 1.168205669673182712e+02
-8.581579276746511198e+01 1.159675413187692072e+02
-8.556445087713002806e+01 1.151185141861324013e+02
-8.531306884604693153e+01 1.142731981268151316e+02
-8.506169773393870059e+01 1.134314693767663584e+02
-8.481033398872614271e+01 1.125940342885982943e+02
-8.455900008755922670e+01 1.117611409190330392e+02
-8.430766257256269114e+01 1.109332766058417832e+02
-8.405631538963318405e+01 1.101108735204745130e+02
-8.380500696402788208e+01 1.092936774197285956e+02
-8.355370865660906077e+01 1.084811497045407691e+02
-8.330240965449810631e+01 1.076725066688603505e+02
-8.305109313929081338e+01 1.068674909070698931e+02
-8.279979756420850379e+01 1.060666725267274302e+02
-8.254849360531568436e+01 1.052694398356714629e+02
-8.229718124228715226e+01 1.044760741533746966e+02
-8.204588182002305530e+01 1.036866617196012186e+02
-8.179462933409213576e+01 1.029015159019792378e+02
-8.154333597505092257e+01 1.021202877426587605e+02
-8.129205552691220760e+01 1.013430914327470447e+02
-8.104076186531781900e+01 1.005696647929307090e+02
-8.078950996166467746e+01 9.980010340384393430e+01
-8.053828572589158341e+01 9.903452748152687946e+01
-8.028709719973802805e+01 9.827366910404809630e+01
-8.003589752805233104e+01 9.751704607290891147e+01
-7.978469639110565481e+01 9.676421690123986252e+01
-7.953348282647132805e+01 9.601520707999574711e+01
-7.928225136858225142e+01 9.527044468918901998e+01
-7.903098859864473980e+01 9.453017465527899788e+01
-7.877974405729770524e+01 9.379537289785525900e+01
-7.852848197191953261e+01 9.306448552494772741e+01
-7.827727463907002914e+01 9.233709251726017442e+01
-7.802612095481157439e+01 9.161408463997152296e+01
-7.777495519381761824e+01 9.089588571436854636e+01
-7.752385222250222796e+01 9.018230353424775103e+01
-7.727273448067903416e+01 8.947141679938133052e+01
-7.702161016291380236e+01 8.876490242858578483e+01
-7.677044761651754357e+01 8.806204289544277231e+01
-7.651929185318947191e+01 8.736302335329661162e+01
-7.626809876137971855e+01 8.666739745682941987e+01
-7.601692311757803111e+01 8.597558987769494365e+01
-7.576575137197971799e+01 8.528737473989373541e+01
-7.551461928117275590e+01 8.460368445246710678e+01
-7.526353248602151780e+01 8.392457288266534476e+01
-7.501247987753153268e+01 8.325004018671955919e+01
-7.476140318250655525e+01 8.257971678439808727e+01
-7.451037556457519884e+01 8.191271352117394144e+01
-7.425938882869482427e+01 8.124955320960143013e+01
-7.400845791453123468e+01 8.059006665055858321e+01
-7.375753418439626330e+01 7.993395472989506345e+01
-7.350660903805494684e+01 7.928162560036923878e+01
-7.325569056141377189e+01 7.863392362516343326e+01
-7.300481173050403072e+01 7.799068028350200166e+01
-7.275393439251185157e+01 7.735170926383784717e+01
-7.250308995419740654e+01 7.671707602541845006e+01
-7.225229825520514737e+01 7.608622006235786728e+01
-7.200160692733525991e+01 7.545834759740951370e+01
-7.175092794436216082e+01 7.483352569006484600e+01
-7.150023418945073672e+01 7.421214218411788011e+01
-7.124956191933155480e+01 7.359446291598948164e+01
-7.099884109795092968e+01 7.298062506654132164e+01
-7.074815231883525257e+01 7.237054146247839981e+01
-7.049747433477639902e+01 7.176445484532364105e+01
-7.024686996299028863e+01 7.116326153671317911e+01
-6.999624233287572395e+01 7.056610359893866757e+01
-6.974564159202576263e+01 6.997321266037542387e+01
-6.949505497354269323e+01 6.938410585684482612e+01
-6.924450991934537569e+01 6.879909128038229937e+01
-6.899397279584407272e+01 6.821830302642132438e+01
-6.874347213089465924e+01 6.764163677812631192e+01
-6.849299840193987166e+01 6.706883806887890387e+01
-6.824255899822712479e+01 6.649999510743354847e+01
-6.799224872571230094e+01 6.593592162347070484e+01
-6.774197597080468825e+01 6.537543047751248082e+01
-6.749166595524549450e+01 6.481695262429782645e+01
-6.724141939705610582e+01 6.426242017379918536e+01
-6.699118982785940091e+01 6.371162611277492971e+01
-6.674106177681684926e+01 6.316542639505373558e+01
-6.649107624250650872e+01 6.262428317724279481e+01
-6.624117909353971356e+01 6.208795083717976127e+01
-6.599133483892678953e+01 6.155536644391841605e+01
-6.574152146458625623e+01 6.102674186071200779e+01
-6.549169681817292599e+01 6.050200578560966846e+01
-6.524186174386740333e+01 5.998065843965210320e+01
-6.499202478057145527e+01 5.946305814035347481e+01
-6.474219432389736539e+01 5.894880617084164243e+01
-6.449241640490294003e+01 5.843754115765891299e+01
-6.424265319973230248e+01 5.792851859074342968e+01
-6.399294698953628568e+01 5.742372636880138970e+01
-6.374324829441309248e+01 5.692262511662173097e+01
-6.349362429046630751e+01 5.642412148879542855e+01
-6.324405035060644309e+01 5.592841371000753270e+01
-6.299449216157197640e+01 5.543597896422826921e+01
-6.274495470303297395e+01 5.494646928643280148e+01
-6.249541137963533544e+01 5.445949877116399307e+01
-6.224593977224827057e+01 5.397494032325996471e+01
-6.199653325742482934e+01 5.349462027422595156e+01
-6.174711148637533142e+01 5.301753555978508103e+01
-6.149768279010057626e+01 5.254403665675420854e+01
-6.124828447532653541e+01 5.207409108979339152e+01
-6.099894055843353158e+01 5.160700219901377750e+01
-6.074963297292590170e+01 5.114307328964114419e+01
-6.050037024638056948e+01 5.068279782579601545e+01
-6.025113431137800291e+01 5.022546641456757044e+01
-6.000198288482427245e+01 4.977155108506289594e+01
-5.975279391539096707e+01 4.932038232331181149e+01
-5.950360324984789173e+01 4.887170248976863718e+01
-5.925442587631940938e+01 4.842580553434177659e+01
-5.900524544119834758e+01 4.798292026225613682e+01
-5.875605367639661125e+01 4.754298543416570766e+01
-5.850683338209987028e+01 4.710587166610302035e+01
-5.825759824925660979e+01 4.667195676691781614e+01
-5.800829271951317878e+01 4.624128050965342851e+01
-5.775895932999253546e+01 4.581365580411388549e+01
-5.750958389648795333e+01 4.538876774739979680e+01
-5.726016251251101608e+01 4.496615780866852674e+01
-5.701072903949022219e+01 4.454683418808306783e+01
-5.676132593232393475e+01 4.413037741412566106e+01
-5.651192873740195921e+01 4.371613107869688264e+01
-5.626254996395110908e+01 4.330484323687908699e+01
-5.601317625278234402e+01 4.289597656716982499e+01
-5.576380534952878776e+01 4.248942307059591172e+01
-5.551438189080357688e+01 4.208518349860625563e+01
-5.526495361959933916e+01 4.168386296800825619e+01
-5.501548886355757872e+01 4.128537254455649474e+01
-5.476592454046011227e+01 4.088859603078364557e+01
-5.451629602292180010e+01 4.049430899698853636e+01
-5.426664460673928403e+01 4.010302366184645706e+01
-5.401695800226926991e+01 3.971507140729456609e+01
-5.376725492882728474e+01 3.932980037819030628e+01
-5.351745579689740850e+01 3.894621244000661875e+01
-5.326757613623141907e+01 3.856479852794345220e+01
-5.301770011478662781e+01 3.818630591021496912e+01
-5.276775946921110005e+01 3.780988665217319777e+01
-5.251779871943593037e+01 3.743594132106887429e+01
-5.226786365520953836e+01 3.706515565171959992e+01
-5.201784165737032595e+01 3.669713246287235364e+01
-5.176774511587619543e+01 3.633112822399488806e+01
-5.151757645630836180e+01 3.596747891469201619e+01
-5.126739343869686394e+01 3.560655889786745121e+01
-5.101722127899527237e+01 3.524809348675163534e+01
-5.076708529415726900e+01 3.489252362736516488e+01
-5.051696927249431468e+01 3.453992028884292154e+01
-5.026681816774606659e+01 3.418987689151119014e+01
-5.001667703801393827e+01 3.384246735507409198e+01
-4.976651519799232659e+01 3.349780689838132020e+01
-4.951638597488403093e+01 3.315550453312290813e+01
-4.926625745382904853e+01 3.281603829444782150e+01
-4.901615532064437986e+01 3.247944406479346924e+01
-4.876600905844568956e+01 3.214572458774671304e+01
-4.851582063478231532e+01 3.181451302259694458e+01
-4.826562482681870137e+01 3.148594918461612124e+01
-4.801538023054600046e+01 3.116001490127749918e+01
-4.776510535478591635e+01 3.083740265525240787e+01
-4.751481579193472982e+01 3.051776039613667990e+01
-4.726455440571903921e+01 3.020081154677714963e+01
-4.701425343382358335e+01 2.988604224718987012e+01
-4.676393887990712983e+01 2.957405398896073123e+01
-4.651365911060571534e+01 2.926491507151315119e+01
-4.626336406016349656e+01 2.895850088849369186e+01
-4.601305164384842072e+01 2.865455172919432414e+01
-4.576275565084814900e+01 2.835283891424150582e+01
-4.551249986985325791e+01 2.805352257858320186e+01
-4.526226712977886280e+01 2.775712299269079608e+01
-4.501199827882647497e+01 2.746388685083445935e+01
-4.476166786473989134e+01 2.717354596059450955e+01
-4.451133503749966280e+01 2.688596856697131088e+01
-4.426095565494895112e+01 2.660120264953469871e+01
-4.401050871592759961e+01 2.631917328211697082e+01
-4.376003668355942011e+01 2.603941556997911633e+01
-4.350953172025084825e+01 2.576248367057154809e+01
-4.325904068809747827e+01 2.548816081049153226e+01
-4.300853610128164206e+01 2.521614910254097452e+01
-4.275801956295967443e+01 2.494657784058974670e+01
-4.250747601887583471e+01 2.468033614614662596e+01
-4.225694299611448912e+01 2.441780796510718332e+01
-4.200634603941440304e+01 2.415730730647432623e+01
-4.175576837658881857e+01 2.389842993882415811e+01
-4.150519059640168962e+01 2.364173498726237810e+01
-4.125457998949289617e+01 2.338743604234442586e+01
-4.100395806467533077e+01 2.313522295348059288e+01
-4.075329460787773428e+01 2.288516511294858802e+01
-4.050259289702773202e+01 2.263621284639338427e+01
-4.025190879514813247e+01 2.238946499955920189e+01
-4.000118378075957537e+01 2.214494417130244130e+01
-3.975043961751460841e+01 2.190339894157317602e+01
-3.949964654538035091e+01 2.166466770847986112e+01
-3.924885195842385599e+01 2.142851297642850028e+01
-3.899811447343230242e+01 2.119428487163714081e+01
-3.874734340283274747e+01 2.096255450839120371e+01
-3.849649623185396052e+01 2.073305014974170035e+01
-3.824565272846817976e+01 2.050581273986903597e+01
-3.799476558089256173e+01 2.028064562942089211e+01
-3.774386061602830722e+01 2.005803186227191759e+01
-3.749299774920940109e+01 1.983814860748195130e+01
-3.724224009346961850e+01 1.962106886037965481e+01
-3.699148374086618674e+01 1.940696752258193314e+01
-3.674074930751323365e+01 1.919544786005065262e+01
-3.649009490084647922e+01 1.898648552299684411e+01
-3.623948086890577969e+01 1.878015739176415622e+01
-3.598896804493665513e+01 1.857643633076964207e+01
-3.573858828192949488e+01 1.837532845299347173e+01
-3.548825847351550777e+01 1.817678728274542266e+01
-3.523797782525420530e+01 1.798086902559779787e+01
-3.498777152663469536e+01 1.778761394092132520e+01
-3.473763196173310064e+01 1.759684723361888459e+01
-3.448756056129932546e+01 1.740828493557143730e+01
-3.423744211202859589e+01 1.722149993891023811e+01
-3.398736127653717887e+01 1.703651330920230578e+01
-3.373727547645568592e+01 1.685398454024972992e+01
-3.348720834565162363e+01 1.667329969196672934e+01
-3.323721548789739444e+01 1.649504887962096333e+01
-3.298718359887600116e+01 1.631902673706927231e+01
-3.273720113372802842e+01 1.614558374654851747e+01
-3.248733797237277088e+01 1.597441950115460507e+01
-3.223752375108003321e+01 1.580549006805708956e+01
-3.198775433862209283e+01 1.563923029193872161e+01
-3.173806949278712253e+01 1.547499695900578232e+01
-3.148838673168420854e+01 1.531333142590411356e+01
-3.123876184093952091e+01 1.515431988699833532e+01
-3.098920349168777477e+01 1.499654439928136895e+01
-3.073970274215936627e+01 1.484068138902463296e+01
-3.049028260830044701e+01 1.468734993132584599e+01
-3.024100169861316800e+01 1.453613615071058796e+01
-2.999176134631037627e+01 1.438726626161909827e+01
-2.974256744104623706e+01 1.424111106733079879e+01
-2.949347127366065990e+01 1.409721391978644611e+01
-2.924445435154438044e+01 1.395620876353429374e+01
-2.899549359184503672e+01 1.381772095110363807e+01
-2.874654657286405524e+01 1.368142839624734997e+01
-2.849757180166244552e+01 1.354688328444341749e+01
-2.824869565308094010e+01 1.341395426088114817e+01
-2.799984354478120707e+01 1.328296968254594823e+01
-2.775097209897637285e+01 1.315419199222580993e+01
-2.750218511962890489e+01 1.302844412338260938e+01
-2.725355423459410531e+01 1.290542346886625324e+01
-2.700505318766832374e+01 1.278516192980845823e+01
-2.675673270761966549e+01 1.266760902082494766e+01
-2.650848698806762727e+01 1.255221973648388811e+01
-2.626040834540128799e+01 1.243950478367218082e+01
-2.601240800276398701e+01 1.232885893756563078e+01
-2.576455116283893432e+01 1.222045786213276131e+01
-2.551686773300171041e+01 1.211471364150080632e+01
-2.526932946425676363e+01 1.201033525647218525e+01
-2.502182914555072912e+01 1.190735395932026819e+01
-2.477435312315821747e+01 1.180659722183824734e+01
-2.452701622861623676e+01 1.170807725617749107e+01
-2.427974801221489898e+01 1.161170463537988340e+01
-2.403262772381305723e+01 1.151723714228910467e+01
-2.378586387404799396e+01 1.142536651602520337e+01
-2.353936832088232123e+01 1.133573652136207599e+01
-2.329305649793148092e+01 1.124800309260264974e+01
-2.304706917417049539e+01 1.116224740609427535e+01
-2.280148275560140547e+01 1.107855217208984300e+01
-2.255620500165224129e+01 1.099626346032288460e+01
-2.231124456188082661e+01 1.091592810718722895e+01
-2.206657293811440468e+01 1.083738456548643647e+01
-2.182222271472215525e+01 1.076120788860568922e+01
-2.157834072977304629e+01 1.068725248530176586e+01
-2.133488672566413769e+01 1.061531733711671066e+01
-2.109180840519070799e+01 1.054546561627418200e+01
-2.084913966366648808e+01 1.047809845915462823e+01
-2.060690576446056355e+01 1.041274662966736919e+01
-2.036504208469390775e+01 1.034896965519435241e+01
-2.012366436555981508e+01 1.028613727076120909e+01
-1.988284091594815095e+01 1.022413566886570280e+01
-1.964248550239205215e+01 1.016465179222816140e+01
-1.940276355773210426e+01 1.010730262657179956e+01
-1.916379383629560351e+01 1.005027026185854844e+01
-1.892546790724992789e+01 9.994852848217144370e+00
-1.868762939387559996e+01 9.940831974203662824e+00
-1.845035360589623608e+01 9.888829792004152353e+00
-1.821366172581911158e+01 9.838318622764345989e+00
-1.797768073791265664e+01 9.788562576090674483e+00
-1.774245401686430057e+01 9.738958412340975812e+00
-1.750823523327708386e+01 9.689650699835596015e+00
-1.727505743253231074e+01 9.640080407689515241e+00
-1.704285041058063399e+01 9.590848105964326464e+00
-1.681176477468013886e+01 9.542058605908446012e+00
-1.658175290313362993e+01 9.495545734001158422e+00
-1.635277071064710697e+01 9.449609454508715700e+00
-1.612518758127093221e+01 9.404679857768188711e+00
-1.589891466173529544e+01 9.360265942884607782e+00
-1.567378172647953072e+01 9.317243823130713309e+00
-1.545022408378124190e+01 9.276169035964514364e+00
-1.522831327739358009e+01 9.234182190786144773e+00
-1.500864824873209002e+01 9.187282689764206367e+00
-1.479081136456131951e+01 9.138641448023205882e+00
-1.457480201441049594e+01 9.089446587553743129e+00
-1.436085875576734594e+01 9.040598179036104298e+00
-1.414881786558031962e+01 8.991929252664071726e+00
-1.393877055940031973e+01 8.944598504370970815e+00
-1.373115407207608207e+01 8.894845034912119530e+00
-1.352605693617463167e+01 8.843828560318986121e+00
-1.332367701321840237e+01 8.791017514765391283e+00
-1.312372061175107874e+01 8.738235882368165619e+00
-1.292607208511233274e+01 8.684534029504488828e+00
-1.273098885056376517e+01 8.630075840290864164e+00
-1.253855232962965971e+01 8.575673013122619537e+00
-1.234933643069863329e+01 8.518257359853631527e+00
-1.216317458704113896e+01 8.459472546447164731e+00
-1.197981997171044277e+01 8.398882458074561796e+00
-1.180017038089036951e+01 8.335400385347792707e+00
-1.162401202982664117e+01 8.268729426594596532e+00
-1.145162709954380986e+01 8.198240793461360809e+00
-1.128396447068452879e+01 8.124297352638199854e+00
-1.112111914277076785e+01 8.044541411381597840e+00
-1.096211447852850007e+01 7.962952874535275782e+00
-1.080689377340674362e+01 7.878692134805653779e+00
-1.065595095899701050e+01 7.791438293273261984e+00
-1.050887688219547300e+01 7.704174193173661145e+00
-1.036571493533253729e+01 7.617589332375459321e+00
-1.022646468782424911e+01 7.531192430011792283e+00
-1.009081249704957095e+01 7.444031317082939303e+00
-9.958733010023832932e+00 7.358576439542879655e+00
-9.829671902835368513e+00 7.272948250442581752e+00
-9.703386162281036675e+00 7.187311605919965984e+00
-9.579921257436275539e+00 7.100991295268160641e+00
-9.459160345226525379e+00 7.014432430200793434e+00
-9.340624042510986769e+00 6.930378141599005559e+00
-9.224094315856694593e+00 6.847319721878223575e+00
-9.109649812757968590e+00 6.763508210567325207e+00
-8.996970816016197858e+00 6.678565989964315719e+00
-8.885710434511304712e+00 6.595178328646273513e+00
-8.775895133301615303e+00 6.513526951792268704e+00
-8.667820605278015123e+00 6.435693977829201273e+00
-8.561311637997627955e+00 6.359534313997374788e+00
-8.456294385507701961e+00 6.286130489351190676e+00
-8.352580709487199329e+00 6.215720574151443856e+00
-8.249972148090600754e+00 6.146803746842367744e+00
-8.148757753953336902e+00 6.078812192433752593e+00
-8.048490836024283723e+00 6.013364278667317819e+00
-7.949257939100265347e+00 5.949934207954798993e+00
-7.851019163385033472e+00 5.888151165102698315e+00
-7.753572025209665597e+00 5.827647877743684646e+00
-7.656989745408296244e+00 5.768548716157368972e+00
-7.561300848364830074e+00 5.711784718662269889e+00
-7.466357154697179865e+00 5.656600537316748500e+00
-7.372044967949390681e+00 5.603359792772646841e+00
-7.278425693109631389e+00 5.552725981337616190e+00
-7.185274617448449419e+00 5.503640826963756894e+00
-7.092670143663883486e+00 5.455825748675406928e+00
-7.000720348447560859e+00 5.409276372809332045e+00
-6.909222797811031214e+00 5.364264777689690789e+00
-6.818188041329383609e+00 5.320731231557032537e+00
-6.727695144161581986e+00 5.278970532171610941e+00
-6.637758469641208414e+00 5.238121269439070637e+00
-6.548458897292613656e+00 5.198499796265921624e+00
-6.459814869746566046e+00 5.160144224029862059e+00
-6.371579684138297672e+00 5.122806054991871250e+00
-6.284046715408563522e+00 5.086425126532438945e+00
-6.197180430501699533e+00 5.051881038177698180e+00
-6.110938378110527758e+00 5.018986747746625454e+00
-6.025479952901601877e+00 4.987111942673048581e+00
-5.940670147448778415e+00 4.955748889555231962e+00
-5.856417944028973643e+00 4.925688963427615086e+00
-5.772680967837572119e+00 4.897190073873417759e+00
-5.689529839083552254e+00 4.870045906187531415e+00
-5.606846859782934622e+00 4.843821412101145363e+00
-5.524631539508700229e+00 4.818377431492383955e+00
-5.443023302167653732e+00 4.794039676057743726e+00
-5.362056294873356777e+00 4.770549242974255755e+00
-5.281885998994112263e+00 4.747444126922991892e+00
-5.202537187218665871e+00 4.724450216239393541e+00
-5.123924101412296039e+00 4.701441381588534973e+00
-5.046030017390847000e+00 4.678070672528609641e+00
-4.968871536552906143e+00 4.654507258762780708e+00
-4.892414699673652834e+00 4.631469245800002632e+00
-4.816569393277168487e+00 4.608287674813460022e+00
-4.741246055394411130e+00 4.585388255805426638e+00
-4.666405684679746813e+00 4.563066677009498306e+00
-4.592271420583128538e+00 4.541490020227638702e+00
-4.518840958401560748e+00 4.520164815473249220e+00
-4.445884301796555249e+00 4.498457830812458091e+00
-4.373855447366834071e+00 4.476617365732387555e+00
-4.302633033590391065e+00 4.454422065807391640e+00
-4.232057317124679585e+00 4.432850195389970160e+00
-4.162238726243376874e+00 4.410695445719774455e+00
-4.093372588366269937e+00 4.387051523324559277e+00
-4.025220536187291032e+00 4.362519597629223256e+00
-3.957743135869502993e+00 4.336605022093051431e+00
-3.890851666986942181e+00 4.310090938598916566e+00
-3.824643912091851394e+00 4.282521996526122976e+00
-3.759103982584551140e+00 4.253619750478070394e+00
-3.694031714988872395e+00 4.224928591519359067e+00
-3.629711648698896287e+00 4.195224546064359572e+00
-3.566072847448289451e+00 4.164660035202334853e+00
-3.502859941199421900e+00 4.134032210002748897e+00
-3.440054218433797217e+00 4.102339194154741797e+00
-3.377772895745933202e+00 4.070013373659478795e+00
-3.316041373662650393e+00 4.037391425199980510e+00
-3.254742181912064769e+00 4.004260799787856762e+00
-3.193946438178420166e+00 3.970306203733992234e+00
-3.133808270677924224e+00 3.934859455156279218e+00
-3.074446904823183946e+00 3.898188830047409237e+00
-3.015655364356935042e+00 3.861619053130038726e+00
-2.957378971472382378e+00 3.825463868789737987e+00
-2.899599540174007561e+00 3.789285460035963116e+00
-2.842350503534078587e+00 3.752285004148433689e+00
-2.785411307707428730e+00 3.715397803439409952e+00
-2.728856460839510056e+00 3.677887111312719615e+00
-2.672762239895761116e+00 3.640057846284622034e+00
-2.616887128118425387e+00 3.602392685622534785e+00
-2.561163173588924202e+00 3.565447398639131737e+00
-2.505688947554677526e+00 3.529133574258412676e+00
-2.450331895139068461e+00 3.492560727747799021e+00
-2.394975326068699228e+00 3.455567582284897465e+00
-2.339978549435734578e+00 3.416828266933205072e+00
-2.285564692799002096e+00 3.376876696941065958e+00
-2.231561925601214025e+00 3.337588690493198396e+00
-2.177839082475751642e+00 3.298344643679265609e+00
-2.124355871703475618e+00 3.258567528956517911e+00
-2.071087123375385808e+00 3.219078481109793888e+00
-2.018004123907536140e+00 3.179491298523255072e+00
-1.965081379586830712e+00 3.139717237268794037e+00
-1.912353944728151012e+00 3.100255021817123424e+00
-1.859679044235497791e+00 3.060950413177018437e+00
-1.807081024806946434e+00 3.021827678700325759e+00
-1.754352288605645294e+00 2.982780154808873263e+00
-1.701382190687581897e+00 2.944112854259195888e+00
-1.648325384661555315e+00 2.906252215606601741e+00
-1.594953129120171065e+00 2.869449520667781250e+00
-1.541603482322767338e+00 2.833886759360544794e+00
-1.488150048365816547e+00 2.799730074440026861e+00
-1.434406240902841079e+00 2.766136341971929813e+00
-1.380488106641918344e+00 2.732624623377982509e+00
-1.326221284769475428e+00 2.698879062870176426e+00
-1.271570534795522622e+00 2.664659615547178451e+00
-1.216732848025858349e+00 2.630555573328869468e+00
-1.161675208287313632e+00 2.597057649366423249e+00
-1.106535549370571969e+00 2.563464357571048513e+00
-1.051624309489503473e+00 2.530875851587545355e+00
-9.967830240665934705e-01 2.499534836631281287e+00
-9.419950405377894853e-01 2.469136261504488505e+00
-8.870416516195982481e-01 2.439036896075261307e+00
-8.323574474025517977e-01 2.410267250507194703e+00
-7.780657154768705341e-01 2.381809868464504376e+00
-7.241928581986576408e-01 2.353652816397668879e+00
-6.709460904747247545e-01 2.325943490922167456e+00
-6.180098209753632776e-01 2.298803332563478019e+00
-5.656192442364991191e-01 2.271605947611406773e+00
-5.140602350793779252e-01 2.245000187236757760e+00
-4.632314667403698016e-01 2.218373912681121940e+00
-4.130489895939826739e-01 2.192199174071631340e+00
-3.636875379867851588e-01 2.166504520510019294e+00
-3.150514551252126538e-01 2.141257273207502365e+00
-2.672003539819270412e-01 2.116211415896783965e+00
-2.201126225572079542e-01 2.091303451683982573e+00
-1.739607884958386530e-01 2.066366589681187804e+00
-1.287590354159474371e-01 2.041695586581107946e+00
-8.476465964131056630e-02 2.017073629476690666e+00
-4.214682361111044689e-02 1.993350741863044506e+00
-6.376811857335269425e-04 1.969609124900700170e+00
3.965459755435585959e-02 1.946132754113241381e+00
7.834890211932360460e-02 1.922747558136337132e+00
1.159268195331096679e-01 1.899332110677532270e+00
1.525314276004210157e-01 1.877494731754056234e+00
1.880008427696302498e-01 1.856347617906699776e+00
2.222948334328830322e-01 1.835830703477097536e+00
2.553356417790055288e-01 1.816108832406387874e+00
2.873204336045309670e-01 1.796763770006368333e+00
3.179988881340250484e-01 1.777349536629347915e+00
3.473477072045206837e-01 1.758199243198099948e+00
3.751774016954004809e-01 1.739395802407965208e+00
4.016919949315488347e-01 1.720919676520633601e+00
4.266345754675567314e-01 1.702676677618799372e+00
4.501446850486099938e-01 1.685185204562508865e+00
4.725394408293068227e-01 1.668057904750710474e+00
4.939201777409762406e-01 1.651314106811003324e+00
5.144257631246000884e-01 1.634971460624477624e+00
5.337909538336098603e-01 1.619126876977390106e+00
5.521687076650559911e-01 1.603568843446619985e+00
5.696407352201640073e-01 1.588744194417256450e+00
5.860559080317616631e-01 1.574124626364058033e+00
6.014919367283583229e-01 1.560061417971219333e+00
6.162831367701292473e-01 1.546438904253748747e+00
6.303217090796678912e-01 1.533243799236920113e+00
6.435469353683292981e-01 1.520255314587904305e+00
6.559967224597931246e-01 1.507550934772998286e+00
6.672580030187964528e-01 1.495810279733629899e+00
6.776965657770633866e-01 1.484368594189579005e+00
6.874069636911154246e-01 1.473552284002055179e+00
6.964541806802153623e-01 1.463352747164365475e+00
7.048036985099315199e-01 1.453716592834652044e+00
7.127210245430469771e-01 1.444217260449836671e+00
7.202241064570844564e-01 1.434649313133748993e+00
7.273609275445341860e-01 1.425321107761352568e+00
7.339827024675905642e-01 1.415787889139893618e+00
7.400482771582901353e-01 1.406082660620666003e+00
7.455802915655076468e-01 1.396297738516659503e+00
7.504334885738790373e-01 1.386047898935475420e+00
7.543543062508105690e-01 1.375721185529523938e+00
7.574347893260419129e-01 1.365061670439174257e+00
7.598899735622107743e-01 1.353752592536512367e+00
7.617236066795886051e-01 1.341807541144299121e+00
7.627854768931865426e-01 1.329723291071259528e+00
7.629621840231121110e-01 1.316704661224126660e+00
7.624516933448612921e-01 1.303480671437313942e+00
7.612941298410296209e-01 1.289961411830716997e+00
7.595722071975469225e-01 1.276175804527644786e+00
7.570941607728600697e-01 1.262058647006443435e+00
7.540332562923431903e-01 1.247279208140776419e+00
7.503424770534038446e-01 1.231983729822084594e+00
7.462500809617340636e-01 1.216157766064410062e+00
7.421001202613115577e-01 1.200201223485665603e+00
7.377964930310845215e-01 1.184316835483191666e+00
7.331360474005341743e-01 1.168565733696429243e+00
7.280440157800912582e-01 1.152974749387534859e+00
7.225272290632128724e-01 1.137156826673809240e+00
7.166871802732348584e-01 1.121388691220527090e+00
7.104035732746124543e-01 1.106029439416385207e+00
7.037412947975099087e-01 1.090700122267114658e+00
6.967344560213386551e-01 1.075101690388836850e+00
6.892646942846476499e-01 1.059714765474065512e+00
6.815694276653230244e-01 1.044778696483587455e+00
6.736385069824755156e-01 1.030029970353539159e+00
6.655880323834717505e-01 1.015588279501447699e+00
6.573323008231818365e-01 1.001611256794225024e+00
6.488182776756584724e-01 9.876818902234333342e-01
6.402458493150771091e-01 9.738572755818012405e-01
6.315086642317473409e-01 9.604894388519870096e-01
6.226015602461993925e-01 9.476928449013647393e-01
6.136704067848622879e-01 9.351589811980839384e-01
6.047246742807328435e-01 9.231249369361408386e-01
5.956638126410543910e-01 9.117099494010887373e-01
5.864809146774933035e-01 9.003205895662463876e-01
5.772369289090857336e-01 8.895280508859475521e-01
5.679508775472641435e-01 8.791520887053201339e-01
5.586675688624381797e-01 8.687814782866573049e-01
5.496191096659749364e-01 8.587031686786156248e-01
5.407121959682553713e-01 8.494387040225109820e-01
5.320768017154187124e-01 8.404734629242582855e-01
5.238411440234631566e-01 8.320151830306296015e-01
5.159905097559094322e-01 8.240295866586105911e-01
5.083809717148541907e-01 8.166416761525210344e-01
5.010164853259920781e-01 8.101290093651395408e-01
4.938959585949778686e-01 8.045142694155785756e-01
4.870587724521756035e-01 7.995241395672869622e-01
4.805995397642254807e-01 7.951925725204012085e-01
4.744974036440253173e-01 7.916611226775523980e-01
4.689163942858576850e-01 7.887365271798877364e-01
4.636862334385514206e-01 7.867040406280183529e-01
4.586107133682817416e-01 7.852989113000374832e-01
4.535338675463572167e-01 7.847632668357347185e-01
4.484278783155605241e-01 7.848660365794764004e-01
4.435115401390939960e-01 7.853107199913800240e-01
4.388955992255360039e-01 7.864815051867285467e-01
4.347445064056664754e-01 7.882959375081138864e-01
4.311209505051374347e-01 7.907758964693575310e-01
4.280521558485925193e-01 7.941336575279123178e-01
4.255943622924387437e-01 7.983913350100598771e-01
4.236365537233650613e-01 8.030189576906205939e-01
4.220936487317085151e-01 8.082835484150309169e-01
4.209464770611375806e-01 8.142341593453905624e-01
4.200317427422851080e-01 8.208802313784255844e-01
4.195205603158101426e-01 8.285825900938136312e-01
4.194563675140962067e-01 8.367931024052113198e-01
4.197054891483858463e-01 8.454022341651667993e-01
4.201078382469713435e-01 8.547501419817089552e-01
4.206764512881636664e-01 8.647891522809738607e-01
4.213612676560878900e-01 8.750807718179711703e-01
4.222266386747360323e-01 8.860282216063418703e-01
4.232301766015589273e-01 8.975600254311489890e-01
4.242234603948891181e-01 9.094290389895941518e-01
4.251849280353635629e-01 9.216653483801383606e-01
4.262788353990763501e-01 9.342215642826630084e-01
4.275245137643068905e-01 9.475267579455031175e-01
4.288466350510716230e-01 9.611647942299912373e-01
4.300539911016821870e-01 9.749975514392954512e-01
4.312324386048130842e-01 9.886379940489078422e-01
4.322046019490808355e-01 1.002206545737301502e+00
4.330508052129298235e-01 1.015352630143345536e+00
4.337699109483510451e-01 1.028174634486030081e+00
4.342917310893535388e-01 1.040478261038091823e+00
4.346727273389697221e-01 1.052693323941907622e+00
4.346442840751260639e-01 1.064728767716652147e+00
4.345101755503564811e-01 1.076481347061732485e+00
4.343367093484848951e-01 1.087874088583550725e+00
4.340785405840724698e-01 1.098989288437324907e+00
4.338461934980005208e-01 1.109492634227263519e+00
4.336150153912604055e-01 1.119833185828073008e+00
4.334507012162357453e-01 1.129671125740419502e+00
4.330683578867465244e-01 1.139277690326164327e+00
4.324999429341405688e-01 1.149011796730381452e+00
4.318492127982899720e-01 1.158167242573426847e+00
4.310814179200679330e-01 1.167188067484250302e+00
4.299929870124906128e-01 1.175908945964658558e+00
4.285070945434272249e-01 1.184393321237315000e+00
4.266879376675933866e-01 1.192093807700533192e+00
4.242682974729686807e-01 1.199088809501228647e+00
4.212098716609180005e-01 1.205652398934082825e+00
4.177586590293794755e-01 1.212025851868560045e+00
4.138865306172520020e-01 1.217997120935931266e+00
4.096079808548092616e-01 1.223589511927506646e+00
4.049733447134494790e-01 1.229210879459971650e+00
3.999684045128524268e-01 1.235493931202064521e+00
3.945327625311911279e-01 1.242072852043285547e+00
3.886281135156750555e-01 1.248530777165981487e+00
3.823631445020437281e-01 1.254438305345331406e+00
3.757918284907936779e-01 1.260500449149608793e+00
3.687291473671793773e-01 1.266834825003780196e+00
3.612208756189793091e-01 1.273111670849629506e+00
3.532292012199759745e-01 1.278700548222387434e+00
3.447191954310983575e-01 1.284321049009677251e+00
3.357367561366408903e-01 1.290454025730543464e+00
3.261563371680676893e-01 1.296271654558949438e+00
3.162377281617373415e-01 1.301911628002201615e+00
3.057359888684004767e-01 1.307655161293139079e+00
2.946058932710439171e-01 1.313618232018054277e+00
2.829103266168385700e-01 1.319439065723629234e+00
2.707477446813136290e-01 1.325430331264869643e+00
2.580743938256054859e-01 1.331723237481467370e+00
2.446881693545728820e-01 1.338746804982194893e+00
2.307945521231740682e-01 1.346619255733663589e+00
2.162270083669572962e-01 1.354798650536033877e+00
2.010026732701808150e-01 1.363334734278899507e+00
1.852973671276122447e-01 1.372394258320154714e+00
1.688997871940955409e-01 1.381508234356618514e+00
1.517818907191977040e-01 1.390581390689667129e+00
1.340255120964720936e-01 1.400339609003644181e+00
1.157341308854520356e-01 1.411261215015255255e+00
9.688044647127390385e-02 1.423177994014577674e+00
7.735952847078442218e-02 1.435956906162362712e+00
5.729059032723307632e-02 1.449572832976959047e+00
3.661340349912643732e-02 1.463911201579383592e+00
1.533064679056406025e-02 1.479198194090924678e+00
-6.693412005901336857e-03 1.495122092509370448e+00
-2.928273981064558051e-02 1.511321946095722568e+00
-5.260483349859714636e-02 1.527919514355933206e+00
-7.658329574018717112e-02 1.545575577050917193e+00
-1.012007836028933488e-01 1.564314335886380469e+00
-1.263281245604157554e-01 1.583839550343228986e+00
-1.519012064598500855e-01 1.604495506991431952e+00
-1.778406647983938327e-01 1.626022406855525126e+00
-2.042558581102639492e-01 1.648293590095583294e+00
-2.312255565170198701e-01 1.671698991107626542e+00
-2.587556570302694814e-01 1.695846494393816517e+00
-2.865624580681324085e-01 1.720651675214732945e+00
-3.147479693666100364e-01 1.745671980911534193e+00
-3.432523088129237343e-01 1.771970847768921109e+00
-3.720481037916615330e-01 1.799501326780301946e+00
-4.010012253951281136e-01 1.828272136093749944e+00
-4.302825412806123295e-01 1.858159401374617659e+00
-4.598927075657993635e-01 1.889427392304096953e+00
-4.900396996717900078e-01 1.921988203710416121e+00
-5.205069138314575294e-01 1.955461993191051517e+00
-5.509892763476819111e-01 1.990353902070296721e+00
-5.815107395332306250e-01 2.026615693240303440e+00
-6.117270136903971700e-01 2.063975184920853412e+00
-6.416732826158404457e-01 2.102456764638494402e+00
-6.711614634878932950e-01 2.142732320045716232e+00
-7.002000970765948074e-01 2.184675109607093990e+00
-7.286946894712745815e-01 2.227845004342678514e+00
-7.563100144937634495e-01 2.272313425417293864e+00
-7.826293392516672220e-01 2.318240252252774081e+00
-8.075532796271145397e-01 2.364667423679027713e+00
-8.308595188260078368e-01 2.411473615916385427e+00
-8.524631006680428724e-01 2.459089850951454270e+00
-8.721727602593600803e-01 2.507431187904522574e+00
-8.897097515389322808e-01 2.556681816022340126e+00
-9.051946195960044461e-01 2.605548397332750010e+00
-9.185316179990767882e-01 2.654531416279349187e+00
-9.297963444069028416e-01 2.704883319246213169e+00
-9.392789936028420605e-01 2.755880223441649957e+00
-9.468436513636261376e-01 2.807470563187701273e+00
-9.523870963733643835e-01 2.860606648957706000e+00
-9.561758838947862493e-01 2.914511184067318350e+00
-9.581234195474535031e-01 2.969039773839253993e+00
-9.581662427857517983e-01 3.023936886689640335e+00
-9.561979602761566666e-01 3.079600476880246074e+00
-9.521391073856503295e-01 3.135620884521780560e+00
-9.458401187341660687e-01 3.191402366193858420e+00
-9.374813509844243109e-01 3.247189704218368611e+00
-9.270518874488771210e-01 3.302445616308590459e+00
-9.144702757745981625e-01 3.357525033163561989e+00
-8.998269913904368700e-01 3.411978078095647682e+00
-8.832213943712413640e-01 3.465474459383287797e+00
-8.646198317352682405e-01 3.518324669535669802e+00
-8.437223204895853979e-01 3.570460176595481538e+00
-8.203222806919365784e-01 3.622375017047846590e+00
-7.947173710186034024e-01 3.674712508964909308e+00
-7.670784105379134798e-01 3.727093354768622468e+00
-7.368589146635494691e-01 3.777970330957624689e+00
-7.038609718023799422e-01 3.828955224343107755e+00
-6.684469904676080265e-01 3.879655690083285258e+00
-6.307221614513546237e-01 3.930625158677742093e+00
-5.906427490692586213e-01 3.978596570861435033e+00
-5.484367673490196937e-01 4.025192212762022770e+00
-5.036087742154486957e-01 4.071672547556255850e+00
-4.561443518958985810e-01 4.116875663743714497e+00
-4.063146987035870517e-01 4.161490594075678118e+00
-3.539607605813070990e-01 4.206182886482460859e+00
-2.991833199672400689e-01 4.249929297229833480e+00
-2.419068284220993459e-01 4.292284738797316201e+00
-1.819604159276932420e-01 4.335026293840145151e+00
-1.193476527016609917e-01 4.377084861982184272e+00
-5.445510067418217470e-02 4.419801143421752343e+00
1.296870870888233197e-02 4.460758365928706226e+00
8.326837249845266131e-02 4.500138982460549109e+00
1.562592947315424585e-01 4.538988386901064764e+00
2.319206948559731363e-01 4.576846502843944897e+00
3.103861614000052449e-01 4.613478137022561931e+00
3.917140029296278803e-01 4.650522983221683226e+00
4.756594728417694595e-01 4.688092854828452616e+00
5.623218522667884356e-01 4.725492269296601044e+00
6.519630544409156236e-01 4.761047592733611999e+00
7.443012793809175021e-01 4.795192846085976512e+00
8.393970378041267777e-01 4.828705366165096713e+00
9.373732660636305836e-01 4.860624523295253852e+00
1.037988507058471344e+00 4.892328316936393584e+00
1.141060329165309639e+00 4.923413841879908048e+00
1.246391406288370529e+00 4.954853712636664298e+00
1.353867280874401224e+00 4.987605757310341836e+00
1.463661793280392809e+00 5.021195271624897316e+00
1.575410115581005854e+00 5.055571253487484817e+00
1.689236454755067784e+00 5.089843260809995940e+00
1.805257482638582545e+00 5.125257258264019455e+00
1.923694880835711940e+00 5.161051925727028866e+00
2.044971928790211724e+00 5.197717482962114666e+00
2.168839243233203984e+00 5.234847894552594916e+00
2.294997897863388037e+00 5.273160445533966012e+00
2.423242820639163408e+00 5.312465923842209392e+00
2.553894425006583369e+00 5.352387932652692193e+00
2.686945352163165879e+00 5.393533533866468055e+00
2.822701036009937603e+00 5.436577152740579955e+00
2.960970657713711152e+00 5.479347396946954163e+00
3.101580101802944966e+00 5.522703141255411730e+00
3.244445612668990897e+00 5.567629941327718157e+00
3.389695250328630394e+00 5.613466562151939065e+00
3.537191060673445353e+00 5.659711158152239463e+00
3.687288423895835887e+00 5.705811679236637346e+00
3.839869062572717873e+00 5.751878599234742317e+00
3.994873361319303484e+00 5.798190912663272023e+00
4.152187361939810195e+00 5.845824154847249154e+00
4.311451085656881510e+00 5.896138189628162607e+00
4.472682723537087846e+00 5.948182697609468050e+00
4.636188069298863290e+00 6.001401913327304882e+00
4.801851968169212448e+00 6.055302815517348947e+00
4.969673427388071829e+00 6.107984392283978714e+00
5.139356265507638355e+00 6.161147033116218807e+00
5.310683558247983882e+00 6.215042850536823593e+00
5.483609310843050366e+00 6.267268025911320706e+00
5.658018787659704785e+00 6.318826366858268706e+00
5.834101705804466853e+00 6.368760055756868432e+00
6.011378086969256351e+00 6.417959019855418390e+00
6.189834803417324949e+00 6.467246177378653371e+00
6.369336755588650867e+00 6.516473655233568252e+00
6.549862923905253709e+00 6.566328019608091537e+00
6.731311477035283986e+00 6.617656674783567894e+00
6.913911752909421615e+00 6.669629880715398862e+00
7.097454421788453871e+00 6.722593124511649698e+00
7.281871261030435249e+00 6.776298822738672456e+00
7.467208150416612789e+00 6.830744237429644095e+00
7.653487427741288762e+00 6.885998468008043716e+00
7.840582175403833176e+00 6.941630085111701653e+00
8.028509294539690089e+00 6.997451418157808689e+00
8.217373013198375986e+00 7.054079470454801104e+00
8.407154883474111884e+00 7.112466938457085774e+00
8.597899168461561104e+00 7.172128307215646537e+00
8.789762238830327590e+00 7.232283955707454304e+00
8.982426594704389089e+00 7.294763013657843409e+00
9.175789208322763457e+00 7.358782127379334348e+00
9.370043597310781180e+00 7.422231457123510623e+00
9.565146811217069001e+00 7.486002978804858543e+00
9.760852942317724157e+00 7.552021955689347088e+00
9.957441210478544136e+00 7.619161377444279459e+00
1.015504230174422240e+01 7.687689717142125900e+00
1.035358205983042801e+01 7.756488344720783523e+00
1.055304708924889567e+01 7.827072427044413416e+00
1.075352423101663568e+01 7.898527153892151098e+00
1.095482634377479592e+01 7.970751693891838130e+00
1.115711298483610214e+01 8.044547118940874597e+00
1.136065220296382883e+01 8.120749411096264581e+00
1.156516008979082066e+01 8.198886636600422051e+00
1.177080804193019858e+01 8.278382728092040566e+00
1.197729565304517685e+01 8.360164694700328525e+00
1.218470170003175745e+01 8.444813085382488538e+00
1.239329354804754324e+01 8.531981194665444690e+00
1.260306134825944824e+01 8.621945422271918957e+00
1.281394007754325948e+01 8.714899161164160191e+00
1.302589323717355718e+01 8.809653112384648210e+00
1.323893296629190530e+01 8.906292759543696036e+00
1.345300856882333740e+01 9.005713714090880728e+00
1.366812139749526978e+01 9.105722822979249287e+00
1.388434864103794020e+01 9.207454023651967745e+00
1.410192529219389002e+01 9.312125295327039254e+00
1.432075163173675492e+01 9.419035177687428373e+00
1.454093616229295804e+01 9.528152772755802857e+00
1.476241118454933243e+01 9.640207393988148965e+00
1.498519565403461407e+01 9.754422548207159593e+00
1.520930203747749410e+01 9.871257135318620257e+00
1.543502225244045256e+01 9.989572630596940783e+00
1.566247545808553632e+01 1.010799942108233651e+01
1.589194377958774496e+01 1.022585799805833062e+01
1.612309401196241510e+01 1.034621376606130028e+01
1.635585770779848147e+01 1.046938120689473983e+01
1.659027584189176707e+01 1.059313490372986166e+01
1.682640805143118001e+01 1.071570997871767794e+01
1.706450160384178005e+01 1.083946905473978362e+01
1.730415913999080502e+01 1.096514035011217203e+01
1.754583223605155951e+01 1.109080272044757720e+01
1.778938627189397792e+01 1.121565407299405059e+01
1.803459334397316027e+01 1.134033360416595393e+01
1.828200338208675291e+01 1.146174148915628521e+01
1.853180925613641605e+01 1.158148067496361477e+01
1.878369267696142231e+01 1.169990868131372252e+01
1.903738321882486417e+01 1.181744256962694450e+01
1.929295711725950113e+01 1.193384154239168815e+01
1.955037458902597436e+01 1.205045939930600341e+01
1.980999202483892319e+01 1.216537041009971531e+01
2.007210687381029146e+01 1.227708254873171256e+01
2.033644284826517179e+01 1.238616381763737273e+01
2.060287366276979526e+01 1.249299238991904559e+01
2.087090337097644976e+01 1.260080744922408336e+01
2.114072780460119105e+01 1.270868810710980057e+01
2.141254650944471294e+01 1.281831822952811528e+01
2.168658625465631573e+01 1.292811346944362150e+01
2.196263138419389804e+01 1.303828023915036383e+01
2.224083660191297440e+01 1.314668046857257799e+01
2.252103231477737566e+01 1.325665480485981185e+01
2.280318585854768898e+01 1.336560309704772997e+01
2.308733035188913263e+01 1.347347399260348055e+01
2.337339855897426588e+01 1.358034586599214855e+01
2.366122086632251609e+01 1.368737228939550654e+01
2.395097817510366411e+01 1.379339842686575679e+01
2.424253146052360464e+01 1.389890126441579810e+01
2.453579271179437526e+01 1.400131748098351281e+01
2.483074559766054179e+01 1.409939689061223156e+01
2.512772045576572566e+01 1.419297378902052031e+01
2.542629378128051698e+01 1.428397758078212298e+01
2.572637174004316307e+01 1.437234509283288020e+01
2.602799248939752630e+01 1.445721737045465538e+01
2.633118986588716481e+01 1.453886520518457637e+01
2.663610696089267904e+01 1.461670144505318270e+01
2.694234854930639145e+01 1.469206936001876862e+01
2.725008867996930917e+01 1.476462345654942254e+01
2.755906273508071891e+01 1.483594049154658556e+01
2.786918891650438468e+01 1.490492146004894281e+01
2.818050997501611832e+01 1.497233000153039306e+01
2.849270639020204499e+01 1.503873560238552720e+01
2.880573121517896595e+01 1.510405256746556191e+01
2.911971923637389992e+01 1.516763745112378281e+01
2.943429228711128331e+01 1.523300824574525514e+01
2.974948910963535198e+01 1.529868938341501128e+01
3.006532792174816038e+01 1.536374230806059415e+01
3.038168487852811950e+01 1.542904323030694158e+01
3.069839833027124243e+01 1.549604237881565183e+01
3.101542986273765479e+01 1.556431824983911660e+01
3.133286334323883082e+01 1.563281758528375143e+01
3.165064007699489679e+01 1.570223627740511141e+01
3.196866554713249187e+01 1.577335458439192983e+01
3.228699095916748263e+01 1.584654982242488508e+01
3.260557618260383350e+01 1.592242433377715471e+01
3.292434034395218134e+01 1.600145488170613461e+01
3.324327838206291119e+01 1.608293149092082430e+01
3.356240723633766265e+01 1.616748295658809198e+01
3.388168936872482107e+01 1.625541603541068980e+01
3.420114740157127642e+01 1.634663260198015777e+01
3.452079007339477812e+01 1.644121383176965168e+01
3.484061721158027325e+01 1.653818826218726912e+01
3.516056499552726677e+01 1.663837216170231059e+01
3.548067899799347202e+01 1.674225883896340505e+01
3.580099484467506699e+01 1.685038464602187958e+01
3.612139663648605392e+01 1.696160401349822777e+01
3.644190748190879958e+01 1.707598495308292641e+01
3.676252956104278269e+01 1.719373086320181798e+01
3.708328402566910142e+01 1.731526742693528931e+01
3.740411489558219671e+01 1.744034458058589721e+01
3.772505342102050463e+01 1.756879456659376260e+01
3.804606906735897098e+01 1.770032617250713969e+01
3.836716226541995667e+01 1.783413069029561626e+01
3.868832855129242176e+01 1.797064323130214447e+01
3.900960011982918019e+01 1.811043212283196979e+01
3.933093252325058131e+01 1.825296407993053194e+01
3.965233916842937134e+01 1.839897775138203784e+01
3.997392720508575792e+01 1.854836309158180896e+01
4.029560058450698534e+01 1.870174175823502694e+01
4.061741144537925408e+01 1.885904893772328705e+01
4.093934930896759283e+01 1.902003527521059212e+01
4.126138485550880119e+01 1.918394661074808738e+01
4.158346845102310141e+01 1.935090802181063907e+01
4.190562384891509851e+01 1.952121885692220005e+01
4.222785010552406249e+01 1.969517401527043532e+01
4.255010778570175489e+01 1.987274138644837151e+01
4.287242313742637378e+01 2.005352755820214128e+01
4.319477948474884244e+01 2.023750437392544299e+01
4.351715455079078509e+01 2.042478472606965312e+01
4.383953442931175459e+01 2.061555570828926776e+01
4.416196452713012377e+01 2.080923738943440426e+01
4.448443021512031237e+01 2.100664721142103275e+01
4.480689992189407178e+01 2.120677715052561396e+01
4.512946697020530706e+01 2.141023596774753202e+01
4.545213577771186664e+01 2.161664439356416523e+01
4.577486773920059449e+01 2.182676627021217186e+01
4.609763688921928093e+01 2.204051102475628809e+01
4.642051963520049895e+01 2.225733689074191091e+01
4.674349007058143712e+01 2.247810252405320242e+01
4.706654064345359956e+01 2.270250454875907309e+01
4.738969458580017147e+01 2.293058698308685450e+01
4.771290709328651758e+01 2.316199373401261852e+01
4.803613734292984105e+01 2.339638001676667400e+01
4.835938539195061026e+01 2.363405907858236077e+01
4.868270875477790582e+01 2.387546419851374679e+01
4.900603572678566167e+01 2.411999117458670483e+01
4.932947988772392023e+01 2.436762125139470569e+01
4.965303082275390523e+01 2.461810128970990164e+01
4.997659259152412403e+01 2.487217631427799702e+01
5.030016117715835833e+01 2.513005952050504632e+01
5.062380136489868221e+01 2.539203135404322609e+01
5.094751943516731529e+01 2.565690254701108586e+01
5.127137168455124083e+01 2.592464100609949185e+01
5.159529260230064551e+01 2.619540904230894540e+01
5.191928695106506098e+01 2.646871667441898879e+01
5.224332371544837628e+01 2.674482238866837491e+01
5.256742146944999661e+01 2.702418872252107818e+01
5.289155729198456157e+01 2.730663130244795411e+01
5.321573521447182031e+01 2.759205670240661945e+01
5.354003009939193447e+01 2.788089378807165630e+01
5.386442835903167747e+01 2.817294754299832249e+01
5.418883078360557448e+01 2.846797929452094778e+01
5.451329281187057774e+01 2.876577368852816363e+01
5.483784672474860855e+01 2.906640921488772378e+01
5.516243205618858525e+01 2.936991812086065323e+01
5.548708180093765208e+01 2.967585558834193549e+01
5.581183820652961458e+01 2.998469096687528790e+01
5.613662043094635123e+01 3.029680527760027076e+01
5.646145730257034501e+01 3.061309415643015441e+01
5.678635748600959943e+01 3.093280697698107318e+01
5.711124217796325553e+01 3.125521854762702390e+01
5.743610175943374685e+01 3.158017235948393164e+01
5.776089287590980348e+01 3.190891368638816772e+01
5.808575161170959689e+01 3.224156487502919788e+01
5.841055110311508258e+01 3.257732980910714815e+01
5.873535271000861968e+01 3.291603278814309164e+01
5.906014330863952466e+01 3.325709057576657557e+01
5.938498655390739600e+01 3.360116881102699438e+01
5.970983605217933388e+01 3.394920758736093802e+01
6.003469665145873790e+01 3.429995078680548914e+01
6.035956746172904985e+01 3.465367022387514595e+01
6.068453015851974186e+01 3.501063298048941164e+01
6.100955747985840105e+01 3.537165576538050260e+01
6.133465245890617723e+01 3.573673683681168711e+01
6.165976587152481159e+01 3.610589288182481482e+01
6.198481988739967363e+01 3.647820357236798827e+01
6.230987625002860852e+01 3.685351307420652489e+01
6.263493224954605409e+01 3.723098403633427012e+01
6.295995066452026379e+01 3.761205318520354979e+01
6.328500189375877483e+01 3.799638213603219583e+01
6.361008241033554356e+01 3.838388327579190928e+01
6.393522996354103327e+01 3.877536298115050784e+01
6.426043441557884250e+01 3.917075288583337311e+01
6.458572084283828474e+01 3.956847985740762397e+01
6.491108179688453106e+01 3.996995490039901000e+01
6.523648373699188596e+01 4.037448791891343092e+01
6.556191012525557937e+01 4.078217692591662313e+01
6.588736705040932407e+01 4.119313581300613691e+01
6.621285151004791203e+01 4.160750699305806677e+01
6.653831947493553400e+01 4.202487789941800855e+01
6.686381278753280810e+01 4.244510562271236864e+01
6.718931759929657233e+01 4.286802515061074814e+01
6.751487657332420156e+01 4.329415631668166498e+01
6.784042492699623494e+01 4.372339576050323728e+01
6.816603967761993488e+01 4.415587751804316241e+01
6.849166646552086490e+01 4.459189579879375742e+01
6.881728064393996647e+01 4.503139273136272891e+01
6.914286547946929318e+01 4.547405253395268687e+01
6.946845091795921689e+01 4.591998184436335606e+01
6.979399546289444345e+01 4.636904927089418749e+01
7.011957255768776065e+01 4.682166817232165812e+01
7.044513964533805961e+01 4.727754618844679868e+01
7.077074381875992515e+01 4.773697605881526584e+01
7.109633339428901877e+01 4.820013518561967913e+01
7.142195985579490980e+01 4.866687567841675133e+01
7.174762254571915321e+01 4.913671357991033517e+01
7.207335835576057548e+01 4.961048085043255185e+01
7.239908029055595762e+01 5.008762574746598517e+01
7.272481255197524774e+01 5.056773409950350384e+01
7.305057635998726084e+01 5.105222340583552665e+01
7.337637455463409708e+01 5.154036727409751251e+01
7.370212802743911595e+01 5.203199650875293258e+01
7.402787807297706024e+01 5.252750069466269878e+01
7.435363844680786372e+01 5.302628506556299470e+01
7.467935183763503915e+01 5.352824748624004769e+01
7.500513764333724964e+01 5.403387424721769605e+01
7.533096514415740330e+01 5.454274345861925610e+01
7.565691396403312297e+01 5.505554972027233873e+01
7.598291407418251708e+01 5.557179155954998606e+01
7.630894919013977074e+01 5.609096222951812649e+01
7.663497809863090993e+01 5.661309956983033231e+01
7.696107854127883741e+01 5.713861928405669488e+01
7.728718925571442355e+01 5.766802295542909462e+01
7.761331811594962460e+01 5.820081129856019686e+01
7.793947605466843243e+01 5.873598341795450750e+01
7.826566540908812897e+01 5.927343152217501654e+01
7.859183947634697631e+01 5.981386726085690242e+01
7.891806276655196939e+01 6.035740169555938195e+01
7.924423748588561978e+01 6.090424667798566816e+01
7.957042953109741745e+01 6.145410480782177132e+01
7.989656082201004494e+01 6.200756346074502545e+01
8.022269383263588338e+01 6.256459797168724180e+01
8.054879196429251920e+01 6.312511333314785844e+01
8.087492007327080046e+01 6.368878328721906712e+01
8.120106742310524339e+01 6.425486489201878726e+01
8.152725195217132637e+01 6.482425681715855603e+01
8.185344895029068368e+01 6.539684804940202412e+01
8.217964967656135400e+01 6.597332835939778306e+01
8.250585640525818576e+01 6.655285451420927245e+01
8.283209759187698751e+01 6.713480688466152912e+01
8.315835479474067427e+01 6.772011190772549583e+01
8.348456642913818371e+01 6.830810121787044409e+01
8.381078119349479039e+01 6.889856631321688951e+01
8.413698530435561906e+01 6.949169993115100397e+01
8.446320882225036542e+01 7.008836846755002625e+01
8.478938076567649773e+01 7.068814485252045188e+01
8.511558565092086326e+01 7.129080011865907807e+01
8.544177875447273607e+01 7.189698283700221282e+01
8.576802216434478510e+01 7.250670289185897843e+01
8.609427035021782615e+01 7.311982681428432329e+01
8.642056391572951668e+01 7.373753664765601457e+01
8.674685189270972785e+01 7.435889998619161645e+01
8.707314608764647801e+01 7.498338717883110860e+01
8.739942917966843083e+01 7.561147635508632447e+01
8.772576679372787112e+01 7.624377648221536674e+01
8.805210712337493817e+01 7.687964498962215032e+01
8.837848656916618495e+01 7.751897053796798787e+01
8.870483362436294783e+01 7.816161661180646547e+01
8.903120531678199256e+01 7.880780734208845217e+01
8.935756886291504486e+01 7.945747145888655893e+01
8.968394552397728603e+01 8.011025907222740727e+01
9.001031516790389730e+01 8.076618399756785038e+01
9.033671502804756415e+01 8.142566489268659780e+01
9.066315434360504355e+01 8.208904340013029355e+01
9.098960628581046706e+01 8.275640385211788441e+01
9.131610974168776806e+01 8.342736430542861115e+01
9.164261490464210169e+01 8.410180662059160284e+01
9.196917065238952205e+01 8.477932377104217210e+01
9.229572239828110014e+01 8.546036560840548191e+01
9.262230525732040576e+01 8.614498953105696444e+01
9.294889158344268765e+01 8.683344341831609370e+01
9.327551523661612976e+01 8.752599022100176285e+01
9.360213749551772366e+01 8.822192125940122764e+01
9.392879963898658957e+01 8.892146039235340993e+01
9.425540859603881927e+01 8.962434099800115916e+01
9.458201756834984053e+01 9.033049420164668675e+01
9.490863646626472416e+01 9.104092500359401186e+01
9.523530360913277093e+01 9.175538304197377215e+01
9.556201312732696351e+01 9.247347332038592072e+01
9.588875405764579796e+01 9.319532669993569129e+01
9.621548411011696089e+01 9.392088807791955674e+01
9.654226740264893181e+01 9.465049830825986987e+01
9.686904620337486449e+01 9.538392385232785387e+01
9.719584684133529606e+01 9.612126424863396323e+01
9.752260675740241425e+01 9.686205759329490661e+01
9.784938477420806180e+01 9.760557814876435145e+01
9.817614302706718377e+01 9.835261727538807008e+01
9.850290972566604353e+01 9.910312273909342196e+01
9.882965490746498460e+01 9.985699934855776405e+01
9.915640595817565384e+01 1.006146725959053612e+02
9.948316125845909141e+01 1.013763098782920196e+02
9.980991755628585338e+01 1.021420053181868610e+02
1.001366828949451389e+02 1.029110058377466004e+02
1.004634231691360498e+02 1.036829567032465320e+02
1.007901910214424106e+02 1.044581760852159107e+02
1.011169243853092183e+02 1.052360819359616642e+02
1.014436829111576088e+02 1.060169626642179566e+02
1.017704284532070176e+02 1.068012869846779722e+02
1.020972214696407292e+02 1.075889896757745703e+02
1.024240108520984620e+02 1.083802967111407867e+02
1.027508271265029975e+02 1.091752005927427831e+02
1.030776167895793947e+02 1.099731668898368042e+02
1.034044509034156789e+02 1.107748672557905252e+02
1.037312742500305234e+02 1.115806833454928864e+02
1.040581395854949989e+02 1.123906570232832252e+02
1.043850094256401064e+02 1.132041835880251881e+02
1.047119039318561562e+02 1.140214543318372336e+02
1.050388276643753045e+02 1.148426714044334744e+02
1.053657920045852592e+02 1.156673189587778836e+02
1.056927259106636114e+02 1.164948812659074662e+02
1.060196613295078265e+02 1.173261432211931492e+02
1.063465861568450919e+02 1.181601724709925776e+02
1.066735682523250546e+02 1.189980219375021022e+02
1.070005230212211558e+02 1.198388834314339277e+02
1.073274511272907290e+02 1.206829369627030388e+02
1.076543841028213535e+02 1.215301379092783378e+02
1.079813193023204860e+02 1.223811243775951283e+02
1.083082710232734627e+02 1.232350327520089621e+02
1.086352207870483397e+02 1.240926229586698213e+02
1.089621979446411189e+02 1.249539754472639146e+02
1.092891794772148160e+02 1.258192886912216579e+02
1.096162171146869611e+02 1.266889103131983205e+02
1.099432667875289980e+02 1.275619733482151332e+02
1.102703221080303138e+02 1.284383711315523442e+02
1.105973736863136310e+02 1.293185202142834953e+02
1.109244825308322930e+02 1.302027345741029478e+02
1.112515922393798888e+02 1.310904756565092555e+02
1.115787420403957384e+02 1.319815163033760825e+02
1.119058869202137032e+02 1.328756233726280129e+02
1.122330775063037862e+02 1.337735059561596245e+02
1.125602774856090491e+02 1.346754987042845926e+02
1.128874885928630789e+02 1.355806895250941864e+02
1.132146712038516938e+02 1.364892915383389607e+02
1.135419028816223204e+02 1.374020349515697035e+02
1.138691231954097702e+02 1.383188038525459262e+02
1.141963719916343649e+02 1.392392306940612627e+02
1.145236329452991555e+02 1.401631502809111680e+02
1.148509436197280849e+02 1.410907198880321118e+02
1.151782467467784841e+02 1.420215702639110020e+02
1.155055776314735425e+02 1.429564642556801743e+02
1.158329342291355175e+02 1.438942557821087291e+02
1.161602870864868180e+02 1.448353315514400776e+02
1.164877026956081352e+02 1.457806989754314486e+02
1.168151131472587565e+02 1.467293482304175143e+02
1.171425359032154034e+02 1.476819419057708274e+02
1.174699347600936932e+02 1.486379142560517721e+02
1.177973577389717121e+02 1.495978978732564997e+02
1.181247617228031146e+02 1.505615480619036930e+02
1.184521941623687695e+02 1.515295388082631689e+02
1.187796468293666834e+02 1.525015681551434170e+02
1.191071455702781634e+02 1.534779409945190025e+02
1.194346448833942418e+02 1.544580843345393646e+02
1.197621419687271072e+02 1.554418233841039410e+02
1.200896451709270423e+02 1.564289493467857426e+02
1.204171866743564578e+02 1.574194209936256925e+02
1.207447117424011225e+02 1.584134435683458548e+02
1.210722554588317905e+02 1.594109622749277548e+02
1.213997958600521088e+02 1.604124052178011652e+02
1.217273387939929989e+02 1.614174269323114004e+02
1.220548715200424255e+02 1.624262690801903091e+02
1.223824384829998024e+02 1.634392243639820208e+02
1.227100175023078918e+02 1.644557541975808590e+02
1.230376118414401958e+02 1.654764749571975528e+02
