-2.229185295104980469e+01 2.448174476623535156e+00
4.575455188751220703e-01 1.631300687789916992e+00
-5.485705852508544922e+00 1.423815846443176270e+00
-3.496639251708984375e+01 4.730679988861083984e+00
1.458780956268310547e+01 4.771099567413330078e+00
3.279467010498046875e+01 1.099282455444335938e+01
-4.684723663330078125e+01 8.771826744079589844e+00
-4.528491199016571045e-01 1.880059838294982910e+00
-1.359706401824951172e+00 1.472378492355346680e+00
5.027914428710937500e+01 1.942770767211914062e+01
-2.590610504150390625e+01 2.954070329666137695e+00
4.778059005737304688e+01 1.790936851501464844e+01
-2.617964363098144531e+01 2.996366500854492188e+00
-8.845138549804687500e+00 1.385460972785949707e+00
1.513516235351562500e+01 4.900595664978027344e+00
3.146292686462402344e+00 2.596867799758911133e+00
2.654264867305755615e-01 1.678896069526672363e+00
3.515728759765625000e+01 1.187210941314697266e+01
-4.980857372283935547e-01 2.003917455673217773e+00
3.416765594482421875e+01 1.149555110931396484e+01
-3.680715179443359375e+01 5.205614089965820312e+00
-4.295960903167724609e+00 1.437652230262756348e+00
4.089391326904296875e+01 1.431101608276367188e+01
5.316377258300781250e+01 2.134140586853027344e+01
5.227473449707031250e+01 2.073234176635742188e+01
-3.865609169006347656e+00 1.442690253257751465e+00
7.145012378692626953e+00 3.298687696456909180e+00
-4.197177886962890625e-01 1.870123863220214844e+00
-3.560315322875976562e+01 4.889855861663818359e+00
-1.739512443542480469e+01 1.898089408874511719e+00
-8.756378173828125000e+00 1.386460900306701660e+00
2.370518445968627930e+00 2.465191364288330078e+00
-4.523966217041015625e+01 8.068725585937500000e+00
-7.895674705505371094e+00 1.396195054054260254e+00
1.085037469863891602e+00 1.511878728866577148e+00
-4.452860832214355469e+00 1.435819864273071289e+00
-4.302447509765625000e+01 7.191261768341064453e+00
4.121201324462890625e+01 1.446005535125732422e+01
7.905659079551696777e-01 1.554157495498657227e+00
-1.880175322294235229e-01 1.802836537361145020e+00
2.991026687622070312e+01 1.000619125366210938e+01
-1.883230590820312500e+01 2.045294046401977539e+00
8.739243447780609131e-02 1.726508498191833496e+00
-5.175260305404663086e-01 1.899608850479125977e+00
-3.509672164916992188e+00 1.446870326995849609e+00
5.297073364257812500e+01 2.120765686035156250e+01
-3.180505180358886719e+01 4.013911724090576172e+00
-3.425788879394531250e+01 4.559652805328369141e+00
-1.286169528961181641e+01 1.499780535697937012e+00
-3.546638107299804688e+01 4.855219841003417969e+00
-4.691674804687500000e+01 8.803571701049804688e+00
-2.942618751525878906e+01 3.547102928161621094e+00
-3.510092163085937500e+01 4.763871669769287109e+00
-2.667796373367309570e+00 1.456805706024169922e+00
-8.595892906188964844e+00 1.388270735740661621e+00
-5.543085575103759766e+00 1.423151850700378418e+00
5.857596993446350098e-01 1.601157069206237793e+00
-3.034544754028320312e+01 3.720682621002197266e+00
5.210616302490234375e+01 2.061883735656738281e+01
1.124297380447387695e+00 1.509560346603393555e+00
8.584325313568115234e-01 1.538889646530151367e+00
-2.325147247314453125e+01 2.573369979858398438e+00
-1.437329500913619995e-01 1.790339350700378418e+00
-5.894764885306358337e-02 1.766654372215270996e+00
4.391448593139648438e+01 1.579048442840576172e+01
-5.628259181976318359e+00 1.422166824340820312e+00
2.604511499404907227e+00 2.504189252853393555e+00
-5.322529792785644531e+00 1.425705552101135254e+00
-1.589516925811767578e+01 1.755742073059082031e+00
4.629341125488281250e+01 1.706257629394531250e+01
-7.643740177154541016e+00 1.399057269096374512e+00
2.914099693298339844e-01 1.492272973060607910e+00
8.274805068969726562e+00 3.490952253341674805e+00
1.102517008781433105e+00 1.510846138000488281e+00
-3.223781883716583252e-01 1.841289162635803223e+00
-4.314330291748046875e+01 7.235811710357666016e+00
3.209290266036987305e+00 2.607864618301391602e+00
-5.030902862548828125e+01 1.050091171264648438e+01
-1.290653705596923828e+01 1.503274559974670410e+00
5.234270095825195312e+01 2.077829360961914062e+01
1.075758039951324463e-01 1.721043586730957031e+00
-4.519033050537109375e+01 8.048064231872558594e+00
2.184726524353027344e+01 6.805671691894531250e+00
8.856804966926574707e-01 1.532801985740661621e+00
-3.305165100097656250e+01 4.282577991485595703e+00
-5.898126125335693359e+00 1.419050574302673340e+00
9.395453333854675293e-01 1.520838379859924316e+00
2.022644579410552979e-01 1.695635557174682617e+00
1.082711458206176758e+00 1.512016177177429199e+00
-3.109093904495239258e-01 1.837975144386291504e+00
-2.231427764892578125e+01 2.451029062271118164e+00
-1.511226534843444824e+00 1.470566153526306152e+00
-2.878489494323730469e+00 1.454312801361083984e+00
3.815338897705078125e+01 1.308900833129882812e+01
-1.412167263031005859e+01 1.601144552230834961e+00
-3.270412445068359375e+01 4.205922126770019531e+00
2.993200683593750000e+01 1.001331806182861328e+01
3.422203063964843750e+01 1.151592445373535156e+01
-1.937095880508422852e+00 1.465484261512756348e+00
5.908913016319274902e-01 1.599962234497070312e+00
-6.948900222778320312e+00 1.406981587409973145e+00
-1.595346355438232422e+01 1.761069416999816895e+00
-2.963663578033447266e+00 1.453306317329406738e+00
-3.228709411621093750e+01 4.115743637084960938e+00
4.457786941528320312e+01 1.613536262512207031e+01
2.333055287599563599e-01 1.687388181686401367e+00
6.812931895256042480e-01 1.579059481620788574e+00
5.466165542602539062e-01 1.610300183296203613e+00
2.750835609436035156e+01 8.977604866027832031e+00
-9.289835929870605469e+00 1.380461812019348145e+00
-1.353616267442703247e-01 1.787986755371093750e+00
1.537671375274658203e+01 4.958855628967285156e+00
4.899502694606781006e-01 1.623629093170166016e+00
1.502002626657485962e-01 1.490561008453369141e+00
-5.241189599037170410e-01 1.901612997055053711e+00
2.147465896606445312e+01 6.682725429534912109e+00
4.549953460693359375e+01 1.662705802917480469e+01
1.833189010620117188e+01 5.730262279510498047e+00
-2.984770393371582031e+01 3.625666856765747070e+00
9.773581624031066895e-01 1.518094062805175781e+00
-2.055871963500976562e+01 2.237294673919677734e+00
2.486925315856933594e+01 7.890120029449462891e+00
1.009590625762939453e+00 1.516343951225280762e+00
-4.319935607910156250e+01 7.256923675537109375e+00
8.215270638465881348e-01 1.547173500061035156e+00
-4.336306571960449219e+00 1.437180876731872559e+00
1.134873747825622559e+00 1.508936524391174316e+00
-2.551243066787719727e+00 1.458186507225036621e+00
-4.138759970664978027e-01 1.868377327919006348e+00
-7.816777706146240234e+00 1.397090792655944824e+00
2.032085800170898438e+01 6.315926551818847656e+00
3.857893496751785278e-02 1.739797234535217285e+00
-1.763951301574707031e+01 1.922351598739624023e+00
-1.652114838361740112e-01 1.486744284629821777e+00
8.989153861999511719e+00 3.618259906768798828e+00
2.869101047515869141e+00 2.549029827117919922e+00
-9.977501869201660156e+00 1.372766852378845215e+00
1.419653743505477905e-01 1.711772084236145020e+00
1.488546729087829590e+00 2.323581218719482422e+00
-3.361890029907226562e+01 4.410714149475097656e+00
-1.769108390808105469e+01 1.927510857582092285e+00
-5.499077439308166504e-01 1.988454222679138184e+00
1.651290208101272583e-01 1.705555200576782227e+00
-4.106775857508182526e-03 1.751501560211181641e+00
-3.775055885314941406e+00 1.443752527236938477e+00
2.520331764221191406e+01 8.020140647888183594e+00
2.322720336914062500e+01 7.281025409698486328e+00
-1.168738126754760742e+00 1.474665880203247070e+00
9.963133931159973145e-02 1.723192572593688965e+00
5.154066085815429688e+01 2.024254798889160156e+01
-5.814523436129093170e-03 1.751971364021301270e+00
-1.760988309979438782e-02 1.755220413208007812e+00
-1.352978801727294922e+01 1.552689909934997559e+00
4.230208098888397217e-01 1.639514207839965820e+00
5.961154699325561523e-01 1.598746776580810547e+00
-9.626048088073730469e+00 1.376694202423095703e+00
1.102075099945068359e+01 4.006271362304687500e+00
-2.925579071044921875e+01 3.515828132629394531e+00
-3.612779998779296875e+01 5.025022506713867188e+00
-3.439241790771484375e+01 4.591644287109375000e+00
6.081244945526123047e+00 3.125851631164550781e+00
7.434976100921630859e-02 1.730049133300781250e+00
1.063877820968627930e+00 1.513129711151123047e+00
-2.746613025665283203e-01 1.827540040016174316e+00
-1.659021759033203125e+01 1.820324540138244629e+00
1.659475898742675781e+01 5.263360500335693359e+00
-3.190145683288574219e+01 4.034074306488037109e+00
-4.922834014892578125e+01 9.927378654479980469e+00
1.045934557914733887e+00 1.514191269874572754e+00
-2.037486457824707031e+01 2.216018438339233398e+00
-2.755628395080566406e+01 3.218603849411010742e+00
-1.317332649230957031e+01 1.524231672286987305e+00
-4.724633407592773438e+01 8.955671310424804688e+00
-7.230423450469970703e+00 1.403765559196472168e+00
-8.903414726257324219e+00 1.384804844856262207e+00
-7.869674682617187500e+00 1.396490097045898438e+00
1.001612067222595215e+00 1.516795158386230469e+00
1.059011363983154297e+01 3.920691967010498047e+00
1.059612870216369629e+00 1.503173351287841797e+00
3.673146820068359375e+01 1.249666309356689453e+01
-6.001230716705322266e+00 1.417861819267272949e+00
-1.758678317070007324e+00 1.467611193656921387e+00
1.126776933670043945e+00 1.509414076805114746e+00
-1.441763019561767578e+01 1.625962972640991211e+00
-9.052245140075683594e+00 1.383130550384521484e+00
-7.265388011932373047e+00 1.403366565704345703e+00
-3.300680541992187500e+01 4.272608757019042969e+00
8.673076629638671875e-01 1.536904096603393555e+00
5.440624237060546875e+01 2.222272109985351562e+01
-3.045979118347167969e+01 3.742859840393066406e+00
-7.344286441802978516e+00 1.402466893196105957e+00
-1.228045225143432617e-01 1.784463644027709961e+00
-3.065485954284667969e+01 3.780997991561889648e+00
2.265159034729003906e+01 7.078832149505615234e+00
-7.808708190917968750e+00 1.397182345390319824e+00
-1.039186269044876099e-01 1.779177784919738770e+00
1.633521842956542969e+01 5.196947574615478516e+00
-5.713019371032714844e-01 1.980301260948181152e+00
-2.024163305759429932e-01 1.806918621063232422e+00
-5.106685256958007812e+01 1.092274665832519531e+01
-1.792650032043457031e+01 1.951239228248596191e+00
9.371141791343688965e-01 1.521376252174377441e+00
-2.631925046443939209e-01 1.824250698089599609e+00
2.961318939924240112e-02 1.742249131202697754e+00
-5.744417309761047363e-01 1.916979908943176270e+00
6.478663086891174316e-01 1.586756467819213867e+00
-5.048839569091796875e+01 1.059925842285156250e+01
2.861297726631164551e-01 1.673478126525878906e+00
4.702204895019531250e+01 1.747233581542968750e+01
-3.690010309219360352e-01 1.484283566474914551e+00
-4.191463470458984375e+01 6.788200855255126953e+00
3.747097778320312500e+01 1.280130290985107422e+01
1.051463007926940918e+00 1.513864159584045410e+00
-2.699575996398925781e+01 3.126192808151245117e+00
6.625715732574462891e+00 3.213903665542602539e+00
-2.378272116184234619e-01 1.816996932029724121e+00
6.357196807861328125e+00 3.170921802520751953e+00
1.050692200660705566e+00 1.513909697532653809e+00
2.932883453369140625e+01 9.810137748718261719e+00
-4.343926239013671875e+01 7.347971916198730469e+00
-3.712104797363281250e+01 5.291233539581298828e+00
5.599943161010742188e+01 2.340622520446777344e+01
-9.165211677551269531e+00 1.381860971450805664e+00
2.214021301269531250e+01 6.903918266296386719e+00
1.094546198844909668e+00 1.511316895484924316e+00
2.431715250015258789e+00 2.475331783294677734e+00
-2.342411231994628906e+01 2.596563339233398438e+00
-2.631037950515747070e+00 1.457241058349609375e+00
5.444430923461914062e+01 2.225028419494628906e+01
3.890920257568359375e+01 1.341520881652832031e+01
-3.411875367164611816e-01 1.846781849861145020e+00
-6.967729568481445312e+00 1.406766295433044434e+00
2.048274803161621094e+01 6.366152763366699219e+00
4.389816665649414062e+01 1.578209495544433594e+01
-5.092111587524414062e+01 1.084032917022705078e+01
2.412917518615722656e+01 7.609532833099365234e+00
-3.734974288940429688e+01 5.354499816894531250e+00
-2.944177687168121338e-01 1.833220243453979492e+00
3.606807708740234375e+01 1.222955417633056641e+01
4.451261138916015625e+01 1.610110664367675781e+01
-1.473327130079269409e-01 1.791351914405822754e+00
2.295481681823730469e+01 7.184635639190673828e+00
4.287590789794921875e+01 1.526529407501220703e+01
-3.906494140625000000e+01 5.853737354278564453e+00
2.651901817321777344e+01 8.553396224975585938e+00
-2.007027864456176758e+00 1.464651465415954590e+00
-6.447720050811767578e+00 1.412725210189819336e+00
4.345459342002868652e-01 1.636767745018005371e+00
1.409349083900451660e+00 2.311270475387573242e+00
2.383366012573242188e+01 7.500304222106933594e+00
8.631982803344726562e+00 3.554036617279052734e+00
-4.917453384399414062e+01 9.899656295776367188e+00
-5.987691506743431091e-02 1.766912221908569336e+00
-7.658084392547607422e+00 1.398894071578979492e+00
4.042900848388671875e+01 1.409595489501953125e+01
4.321031570434570312e+01 1.543246364593505859e+01
3.234335327148437500e+01 1.083242321014404297e+01
-9.311353683471679688e+00 1.380220413208007812e+00
2.579257488250732422e-01 1.680875182151794434e+00
8.963676095008850098e-01 2.233094215393066406e+00
3.953180694580078125e+01 1.369001865386962891e+01
-5.721884369850158691e-01 1.916289210319519043e+00
4.045619201660156250e+01 1.410844230651855469e+01
-1.742427444458007812e+01 1.900967121124267578e+00
1.025440841913223267e-01 2.108417987823486328e+00
-4.487644195556640625e+01 7.917836666107177734e+00
-5.443566799163818359e+00 1.424303650856018066e+00
-4.962967681884765625e+01 1.013661861419677734e+01
4.177207946777343750e+01 1.472624111175537109e+01
-5.740244984626770020e-01 1.916852116584777832e+00
-2.210677117109298706e-01 1.486069440841674805e+00
-4.127911627292633057e-01 1.868053078651428223e+00
8.016307950019836426e-01 1.551658034324645996e+00
-5.072157287597656250e+01 1.072848796844482422e+01
2.436859309673309326e-01 1.684638977050781250e+00
9.510644078254699707e-01 1.519503474235534668e+00
-5.850607395172119141e+00 1.419598817825317383e+00
9.915814995765686035e-01 1.517332196235656738e+00
1.069938540458679199e+00 1.512771248817443848e+00
-3.807332754135131836e+00 1.443373799324035645e+00
-1.623296737670898438e+00 1.469227075576782227e+00
-2.650250434875488281e+01 3.047069072723388672e+00
3.104377174377441406e+01 1.038349342346191406e+01
1.118550109863281250e+01 4.039471626281738281e+00
3.275388717651367188e+01 1.097823333740234375e+01
5.351448822021484375e+01 2.158657836914062500e+01
-1.071985912322998047e+01 1.364508152008056641e+00
4.988674819469451904e-01 1.621524214744567871e+00
-3.117950820922851562e+01 3.885514259338378906e+00
6.820767879486083984e+00 3.245490789413452148e+00
2.231752586364746094e+01 6.964072227478027344e+00
4.998008346557617188e+01 1.923939514160156250e+01
-3.743942260742187500e+01 5.379515171051025391e+00
-3.344626235961914062e+01 4.371315479278564453e+00
-8.758172035217285156e+00 1.386440634727478027e+00
-4.453757286071777344e+00 1.435809493064880371e+00
5.337689876556396484e+00 2.996531009674072266e+00
-4.737637329101562500e+01 9.016402244567871094e+00
-3.608968353271484375e+01 5.015078544616699219e+00
1.732576042413711548e-01 1.703378915786743164e+00
-1.411270046234130859e+01 1.600398182868957520e+00
4.192433929443359375e+01 1.479944801330566406e+01
9.716007709503173828e-01 1.518402576446533203e+00
-7.772846221923828125e+00 1.397589802742004395e+00
-4.151779174804687500e+01 6.649626731872558594e+00
5.104856109619140625e+01 1.992070198059082031e+01
4.361021816730499268e-01 1.636397242546081543e+00
2.473563194274902344e+01 7.838705539703369141e+00
5.040664076805114746e-01 1.620298385620117188e+00
-3.042840194702148438e+01 3.736758708953857422e+00
-2.175151252746582031e+01 2.380379199981689453e+00
-3.066382789611816406e+01 3.782761335372924805e+00
-3.536548995971679688e+01 4.829828739166259766e+00
3.560423254966735840e-01 1.655714511871337891e+00
2.746723937988281250e+01 8.959564208984375000e+00
3.830019760131835938e+01 1.315174007415771484e+01
1.142812520265579224e-01 1.719231963157653809e+00
-1.398939132690429688e+01 1.590174436569213867e+00
6.399611234664916992e-01 1.588582158088684082e+00
3.880667686462402344e+00 2.727991342544555664e+00
6.037734150886535645e-01 1.496066689491271973e+00
4.636138153076171875e+01 1.710039138793945312e+01
9.985613226890563965e-01 1.500886082649230957e+00
3.373771905899047852e-01 1.660438418388366699e+00
-9.792473912239074707e-02 1.777503609657287598e+00
6.283935070037841797e+00 3.158893108367919922e+00
-4.863867187500000000e+01 9.627755165100097656e+00
-6.335406005382537842e-02 2.081349372863769531e+00
-9.218110084533691406e+00 1.381266951560974121e+00
1.054299116134643555e+00 1.502893567085266113e+00
-4.428228759765625000e+01 7.677074432373046875e+00
-4.669926071166992188e+01 8.704624176025390625e+00
1.055310368537902832e+00 1.513636469841003418e+00
1.055559277534484863e+00 1.513621807098388672e+00
3.212857055664062500e+01 1.075691032409667969e+01
-5.774460434913635254e-01 1.917901277542114258e+00
-4.807142257690429688e+01 9.348058700561523438e+00
-5.070587921142578125e+01 1.071974086761474609e+01
-5.006464004516601562e+01 1.036838054656982422e+01
-1.382572269439697266e+01 1.576719045639038086e+00
-6.079962849617004395e-01 1.961432695388793945e+00
5.422952651977539062e+01 2.209519195556640625e+01
-5.330730080604553223e-01 1.482305288314819336e+00
-2.444405704736709595e-01 1.818885445594787598e+00
-2.748619914054870605e-01 1.485419750213623047e+00
-2.280977821350097656e+01 2.514968872070312500e+00
-4.243928527832031250e+01 6.975842952728271484e+00
1.932568550109863281e-01 1.698036313056945801e+00
-4.906018066406250000e+01 9.840996742248535156e+00
-1.080772209167480469e+01 1.363533854484558105e+00
3.922458267211914062e+01 1.355371761322021484e+01
3.035598564147949219e+01 1.015320682525634766e+01
3.025660756975412369e-03 1.749540328979492188e+00
1.103536844253540039e+00 1.510785818099975586e+00
-1.489708781242370605e+00 1.470823407173156738e+00
-3.154632806777954102e+00 1.451052069664001465e+00
-1.807990312576293945e+00 1.467023015022277832e+00
4.741950988769531250e+00 2.885617971420288086e+00
3.047829246520996094e+01 1.019390201568603516e+01
-2.182773971557617188e+01 2.389828205108642578e+00
4.957226181030273438e+01 1.898553657531738281e+01
9.742948412895202637e-01 1.518258213996887207e+00
1.035706615447998047e+01 3.875143289566040039e+00
-2.908763313293457031e+01 3.485235452651977539e+00
8.431862831115722656e+00 3.518552303314208984e+00
8.959184288978576660e-01 1.530520796775817871e+00
5.091390609741210938e-01 1.619103193283081055e+00
9.983478188514709473e-01 1.516969919204711914e+00
4.276055991649627686e-01 1.638421058654785156e+00
-3.727126693725585938e+01 5.332705974578857422e+00
3.183493614196777344e+01 1.065452766418457031e+01
2.505427360534667969e+01 7.961869716644287109e+00
2.053785920143127441e-01 1.694806337356567383e+00
9.196312725543975830e-02 1.725269436836242676e+00
-1.150757503509521484e+01 1.398007154464721680e+00
-2.541508865356445312e+01 2.879638195037841797e+00
3.664446258544921875e+01 1.246130275726318359e+01
-2.862137854099273682e-01 1.830859303474426270e+00
-1.019805812835693359e+01 1.370308041572570801e+00
2.489314556121826172e+00 2.484913825988769531e+00
5.214422607421875000e+01 2.064441108703613281e+01
-1.421808433532714844e+01 1.609187602996826172e+00
5.057277679443359375e+01 1.961439132690429688e+01
5.715552806854248047e+00 3.062326669692993164e+00
1.132247686386108398e+00 1.509091377258300781e+00
6.910272836685180664e-01 1.576825022697448730e+00
-1.206357288360595703e+01 1.438931465148925781e+00
3.793860244750976562e+01 1.299776172637939453e+01
8.886585235595703125e-01 1.532138109207153320e+00
-4.288143217563629150e-01 1.872846603393554688e+00
2.723853683471679688e+01 8.859868049621582031e+00
-4.419687747955322266e+00 1.436207175254821777e+00
1.623243141174316406e+01 5.170876979827880859e+00
-3.882644653320312500e+00 1.442490458488464355e+00
-4.561038017272949219e-01 1.881038784980773926e+00
-1.864270418882369995e-01 1.802386164665222168e+00
3.758243942260742188e+01 1.284785842895507812e+01
-3.146200752258300781e+01 3.942983865737915039e+00
-7.489531040191650391e+00 1.400812029838562012e+00
1.109532713890075684e+00 1.510431885719299316e+00
1.030289769172668457e+00 1.515117526054382324e+00
4.208252131938934326e-01 1.640037894248962402e+00
-4.918798446655273438e+01 9.906580924987792969e+00
1.099399805068969727e+00 1.511030197143554688e+00
2.279292488098144531e+01 7.127952575683593750e+00
-5.296268463134765625e-01 1.903288960456848145e+00
-1.078114062547683716e-01 1.780266165733337402e+00
1.962454020977020264e-01 1.697239518165588379e+00
6.576272845268249512e-01 1.584504961967468262e+00
-1.300875991582870483e-01 1.786506175994873047e+00
1.117393136024475098e+00 1.506574392318725586e+00
-2.835671615600585938e+01 3.355322599411010742e+00
-4.823142528533935547e+00 1.431504726409912109e+00
-3.333945751190185547e+00 1.448938608169555664e+00
-1.004665970802307129e+00 1.476633906364440918e+00
-2.826927375793457031e+01 3.340108633041381836e+00
-2.108339548110961914e+00 1.463445782661437988e+00
1.128127574920654297e+00 1.509334444999694824e+00
3.387402343750000000e+01 1.138613796234130859e+01
1.009031295776367188e+00 1.516377091407775879e+00
8.007971644401550293e-01 1.551846146583557129e+00
-3.616367340087890625e+01 5.034399986267089844e+00
-6.289400458335876465e-01 1.946404457092285156e+00
6.691575050354003906e+00 3.224534749984741211e+00
-2.202728843688964844e+01 2.414742231369018555e+00
-4.344376087188720703e+00 1.437086582183837891e+00
1.062172651290893555e+00 1.503308057785034180e+00
-6.445928096771240234e+00 1.412745714187622070e+00
-4.700866699218750000e+01 8.845730781555175781e+00
5.235815048217773438e-02 1.736035704612731934e+00
-4.443164542317390442e-02 1.762630820274353027e+00
6.604673862457275391e-01 1.583850502967834473e+00
4.889828264713287354e-01 1.623857617378234863e+00
1.353165531158447266e+01 4.530819892883300781e+00
4.581091701984405518e-01 1.631166934967041016e+00
3.265600585937500000e+01 1.094329452514648438e+01
1.136817216873168945e+00 1.508749842643737793e+00
1.308195495605468750e+01 4.432220458984375000e+00
3.900164794921875000e+01 1.345565986633300781e+01
-5.899251699447631836e-01 1.971787571907043457e+00
2.938139736652374268e-01 1.671516418457031250e+00
-4.075987637042999268e-01 2.025232553482055664e+00
1.258600044250488281e+01 4.325965404510498047e+00
-1.229000473022460938e+01 1.455939412117004395e+00
-2.116248458623886108e-01 1.809533953666687012e+00
-1.849374961853027344e+01 2.009620666503906250e+00
1.120866298675537109e+00 1.509762883186340332e+00
-1.329855062067508698e-02 1.754032135009765625e+00
-1.162586659193038940e-01 1.487336039543151855e+00
-1.021419429779052734e+01 1.370128273963928223e+00
4.703020477294921875e+01 1.747697639465332031e+01
-4.169491577148437500e+01 6.711122989654541016e+00
9.254881739616394043e-01 1.523951411247253418e+00
-5.385564565658569336e-01 1.906009078025817871e+00
-2.180083656311035156e+01 2.386488914489746094e+00
4.554256200790405273e-01 1.631803870201110840e+00
9.664276242256164551e-02 1.724001765251159668e+00
9.482314586639404297e-01 1.519655346870422363e+00
2.443473637104034424e-01 1.684463977813720703e+00
1.435396671295166016e+01 4.716824054718017578e+00
2.435531044006347656e+01 7.694194316864013672e+00
1.103976726531982422e+00 1.505603909492492676e+00
-5.574170947074890137e-01 1.911767363548278809e+00
3.358946740627288818e-02 1.741161227226257324e+00
-5.103856325149536133e-01 2.000430107116699219e+00
-3.823088073730468750e+01 5.605410099029541016e+00
3.991243362426757812e+01 1.386078453063964844e+01
-2.288376808166503906e+01 2.524658441543579102e+00
-4.204916381835937500e+01 6.835827827453613281e+00
-2.064840316772460938e+01 2.247747182846069336e+00
3.404996544122695923e-02 1.741035342216491699e+00
3.921470940113067627e-01 1.646894097328186035e+00
-8.288981020450592041e-02 1.773310661315917969e+00
-4.628447341918945312e+01 8.518981933593750000e+00
1.086650729179382324e+00 1.511783361434936523e+00
6.096909642219543457e-01 1.496138691902160645e+00
-2.388964414596557617e+00 1.460111379623413086e+00
-1.837480962276458740e-01 1.801627874374389648e+00
-3.230951690673828125e+01 4.120541572570800781e+00
3.804191589355468750e+01 1.304157257080078125e+01
6.414332985877990723e-01 1.588241934776306152e+00
-3.967030334472656250e+01 6.040836334228515625e+00
-3.267498016357421875e+01 4.199555873870849609e+00
6.953983902931213379e-01 1.575822710990905762e+00
-5.524257659912109375e+00 1.423369646072387695e+00
3.747640991210937500e+01 1.280356788635253906e+01
1.466747570037841797e+01 4.789731979370117188e+00
3.387696444988250732e-01 1.660085558891296387e+00
-2.829841613769531250e+01 3.345171928405761719e+00
-5.677946284413337708e-02 1.766052722930908203e+00
7.074626088142395020e-01 1.573059678077697754e+00
-2.019101142883300781e+01 2.194944858551025391e+00
-5.469566822052001953e+00 1.424002647399902344e+00
3.880589294433593750e+01 1.337014484405517578e+01
-2.256887853145599365e-01 1.813535809516906738e+00
1.086217641830444336e+00 1.511808991432189941e+00
-4.180925750732421875e+01 6.751125335693359375e+00
1.226478290557861328e+01 4.258509635925292969e+00
-3.254942321777343750e+01 4.172240734100341797e+00
9.357345700263977051e-01 1.521681666374206543e+00
