-1.059864578247070312e+02 1.413193481445312500e+03
-1.057311248779296875e+02 1.388935424804687500e+03
-1.054758224487304688e+02 1.365095703125000000e+03
-1.052204971313476562e+02 1.341663330078125000e+03
-1.049651870727539062e+02 1.318634399414062500e+03
-1.047098617553710938e+02 1.296000122070312500e+03
-1.044545516967773438e+02 1.273754394531250000e+03
-1.041992263793945312e+02 1.251890502929687500e+03
-1.039439163208007812e+02 1.230402954101562500e+03
-1.036885910034179688e+02 1.209282592773437500e+03
-1.034332809448242188e+02 1.188526000976562500e+03
-1.031779556274414062e+02 1.168125000000000000e+03
-1.029226531982421875e+02 1.148075317382812500e+03
-1.026673202514648438e+02 1.128368164062500000e+03
-1.024120101928710938e+02 1.109000244140625000e+03
-1.021566925048828125e+02 1.089964355468750000e+03
-1.019013824462890625e+02 1.071255737304687500e+03
-1.016460647583007812e+02 1.052867187500000000e+03
-1.013907470703125000e+02 1.034795776367187500e+03
-1.011354217529296875e+02 1.017033569335937500e+03
-1.008801116943359375e+02 9.995762939453125000e+02
-1.006247940063476562e+02 9.824186401367187500e+02
-1.003694839477539062e+02 9.655563964843750000e+02
-1.001141586303710938e+02 9.489826660156250000e+02
-9.985884857177734375e+01 9.326934814453125000e+02
-9.960352325439453125e+01 9.166838378906250000e+02
-9.934819793701171875e+01 9.009490356445312500e+02
-9.909288787841796875e+01 8.854843139648437500e+02
-9.883756256103515625e+01 8.702854614257812500e+02
-9.858225250244140625e+01 8.553474731445312500e+02
-9.832692718505859375e+01 8.406654663085937500e+02
-9.807161712646484375e+01 8.262354736328125000e+02
-9.781629180908203125e+01 8.120532226562500000e+02
-9.756098937988281250e+01 7.981147460937500000e+02
-9.730566406250000000e+01 7.844147949218750000e+02
-9.705034637451171875e+01 7.709511108398437500e+02
-9.679502868652343750e+01 7.577177734375000000e+02
-9.653971862792968750e+01 7.447116088867187500e+02
-9.628439331054687500e+01 7.319290161132812500e+02
-9.602909088134765625e+01 7.193658447265625000e+02
-9.577375793457031250e+01 7.070177001953125000e+02
-9.551845550537109375e+01 6.948820800781250000e+02
-9.526313018798828125e+01 6.829544677734375000e+02
-9.500782012939453125e+01 6.712319335937500000e+02
-9.475248718261718750e+01 6.597099609375000000e+02
-9.449718475341796875e+01 6.483867187500000000e+02
-9.424185943603515625e+01 6.372568969726562500e+02
-9.398654937744140625e+01 6.263187255859375000e+02
-9.373122406005859375e+01 6.155679931640625000e+02
-9.347591400146484375e+01 6.050023803710937500e+02
-9.322058868408203125e+01 5.946173095703125000e+02
-9.296526336669921875e+01 5.844104614257812500e+02
-9.270995330810546875e+01 5.743796386718750000e+02
-9.245463562011718750e+01 5.645202026367187500e+02
-9.219933319091796875e+01 5.548305053710937500e+02
-9.194400024414062500e+01 5.453068847656250000e+02
-9.168869781494140625e+01 5.359469604492187500e+02
-9.143337249755859375e+01 5.267471923828125000e+02
-9.117804718017578125e+01 5.177061157226562500e+02
-9.092273712158203125e+01 5.088194885253906250e+02
-9.066742706298828125e+01 5.000858764648437500e+02
-9.041209411621093750e+01 4.915019531250000000e+02
-9.015679168701171875e+01 4.830655822753906250e+02
-8.990146636962890625e+01 4.747735595703125000e+02
-8.964615631103515625e+01 4.666245422363281250e+02
-8.939083099365234375e+01 4.586145324707031250e+02
-8.913552093505859375e+01 4.507428894042968750e+02
-8.888019561767578125e+01 4.430059204101562500e+02
-8.862488555908203125e+01 4.354017333984375000e+02
-8.836956024169921875e+01 4.279281005859375000e+02
-8.811425018310546875e+01 4.205829467773437500e+02
-8.785892486572265625e+01 4.133638610839843750e+02
-8.760362243652343750e+01 4.062684936523437500e+02
-8.734828948974609375e+01 3.992949218750000000e+02
-8.709298706054687500e+01 3.924410705566406250e+02
-8.683766174316406250e+01 3.857048339843750000e+02
-8.658234405517578125e+01 3.790842285156250000e+02
-8.632703399658203125e+01 3.725774536132812500e+02
-8.607170867919921875e+01 3.661820068359375000e+02
-8.581639862060546875e+01 3.598968811035156250e+02
-8.556107330322265625e+01 3.537192687988281250e+02
-8.530576324462890625e+01 3.476477050781250000e+02
-8.505043792724609375e+01 3.416803588867187500e+02
-8.479512786865234375e+01 3.358155822753906250e+02
-8.453980255126953125e+01 3.300513305664062500e+02
-8.428449249267578125e+01 3.243861999511718750e+02
-8.402916717529296875e+01 3.188181152343750000e+02
-8.377385711669921875e+01 3.133456420898437500e+02
-8.351853942871093750e+01 3.079670715332031250e+02
-8.326322174072265625e+01 3.026809692382812500e+02
-8.300789642333984375e+01 2.974854736328125000e+02
-8.275258636474609375e+01 2.923793029785156250e+02
-8.249726867675781250e+01 2.873606262207031250e+02
-8.224195098876953125e+01 2.824281005859375000e+02
-8.198663330078125000e+01 2.775802612304687500e+02
-8.173133087158203125e+01 2.728158569335937500e+02
-8.147599792480468750e+01 2.681328735351562500e+02
-8.122069549560546875e+01 2.635305175781250000e+02
-8.096537017822265625e+01 2.590070190429687500e+02
-8.071006011962890625e+01 2.545611877441406250e+02
-8.045473480224609375e+01 2.501917877197265625e+02
-8.019940948486328125e+01 2.458971405029296875e+02
-7.994409942626953125e+01 2.416764526367187500e+02
-7.968877410888671875e+01 2.375280914306640625e+02
-7.943346405029296875e+01 2.334510498046875000e+02
-7.917814636230468750e+01 2.294438781738281250e+02
-7.892282867431640625e+01 2.255054931640625000e+02
-7.866751098632812500e+01 2.216347045898437500e+02
-7.841219329833984375e+01 2.178305664062500000e+02
-7.815687561035156250e+01 2.140914154052734375e+02
-7.790155792236328125e+01 2.104166564941406250e+02
-7.764624023437500000e+01 2.068047637939453125e+02
-7.739093017578125000e+01 2.032550659179687500e+02
-7.713560485839843750e+01 1.997662200927734375e+02
-7.688030242919921875e+01 1.963373413085937500e+02
-7.662497711181640625e+01 1.929672241210937500e+02
-7.636965942382812500e+01 1.896550445556640625e+02
-7.611434173583984375e+01 1.863996276855468750e+02
-7.585902404785156250e+01 1.832000885009765625e+02
-7.560370635986328125e+01 1.800554656982421875e+02
-7.534839630126953125e+01 1.769649200439453125e+02
-7.509307098388671875e+01 1.739273223876953125e+02
-7.483776092529296875e+01 1.709419555664062500e+02
-7.458243560791015625e+01 1.680076599121093750e+02
-7.432712554931640625e+01 1.651239776611328125e+02
-7.407180023193359375e+01 1.622895660400390625e+02
-7.381647491455078125e+01 1.595038757324218750e+02
-7.356116485595703125e+01 1.567660827636718750e+02
-7.330583953857421875e+01 1.540751190185546875e+02
-7.305053710937500000e+01 1.514305725097656250e+02
-7.279521942138671875e+01 1.488312072753906250e+02
-7.253990173339843750e+01 1.462766113281250000e+02
-7.228458404541015625e+01 1.437657775878906250e+02
-7.202926635742187500e+01 1.412980499267578125e+02
-7.177394866943359375e+01 1.388726806640625000e+02
-7.151863098144531250e+01 1.364890594482421875e+02
-7.126330566406250000e+01 1.341462402343750000e+02
-7.100799560546875000e+01 1.318436279296875000e+02
-7.075267791748046875e+01 1.295805358886718750e+02
-7.049736022949218750e+01 1.273563613891601562e+02
-7.024204254150390625e+01 1.251702423095703125e+02
-6.998673248291015625e+01 1.230218200683593750e+02
-6.973140716552734375e+01 1.209100952148437500e+02
-6.947609710693359375e+01 1.188347396850585938e+02
-6.922077941894531250e+01 1.167949523925781250e+02
-6.896546173095703125e+01 1.147902297973632812e+02
-6.871014404296875000e+01 1.128198089599609375e+02
-6.845482635498046875e+01 1.108833160400390625e+02
-6.819950103759765625e+01 1.089800643920898438e+02
-6.794419860839843750e+01 1.071094284057617188e+02
-6.768887329101562500e+01 1.052709045410156250e+02
-6.743355560302734375e+01 1.034639358520507812e+02
-6.717823791503906250e+01 1.016879806518554688e+02
-6.692292022705078125e+01 9.994252014160156250e+01
-6.666761016845703125e+01 9.822710418701171875e+01
-6.641228485107421875e+01 9.654099273681640625e+01
-6.615697479248046875e+01 9.488391876220703125e+01
-6.590164947509765625e+01 9.325520324707031250e+01
-6.564633941650390625e+01 9.165457153320312500e+01
-6.539100646972656250e+01 9.008128356933593750e+01
-6.513570404052734375e+01 8.853508758544921875e+01
-6.488037872314453125e+01 8.701538848876953125e+01
-6.462506866455078125e+01 8.552181243896484375e+01
-6.436974334716796875e+01 8.405379486083984375e+01
-6.411443328857421875e+01 8.261109924316406250e+01
-6.385911178588867188e+01 8.119304656982421875e+01
-6.360380172729492188e+01 7.979940795898437500e+01
-6.334848403930664062e+01 7.842958831787109375e+01
-6.309317016601562500e+01 7.708338165283203125e+01
-6.283784866333007812e+01 7.576021575927734375e+01
-6.258253479003906250e+01 7.445980072021484375e+01
-6.232721710205078125e+01 7.318166351318359375e+01
-6.207190704345703125e+01 7.192553710937500000e+01
-6.181658935546875000e+01 7.069091033935546875e+01
-6.156127166748046875e+01 6.947750854492187500e+01
-6.130595016479492188e+01 6.828489685058593750e+01
-6.105062484741210938e+01 6.711275482177734375e+01
-6.079531860351562500e+01 6.596076965332031250e+01
-6.053999710083007812e+01 6.482852935791015625e+01
-6.028468704223632812e+01 6.371578216552734375e+01
-6.002936172485351562e+01 6.262207412719726562e+01
-5.977405548095703125e+01 6.154717254638671875e+01
-5.951873397827148438e+01 6.049068832397460938e+01
-5.926342391967773438e+01 5.945240020751953125e+01
-5.900810241699218750e+01 5.843187713623046875e+01
-5.875278854370117188e+01 5.742889785766601562e+01
-5.849746704101562500e+01 5.644310760498046875e+01
-5.824215698242187500e+01 5.547423934936523438e+01
-5.798683166503906250e+01 5.452196121215820312e+01
-5.773152542114257812e+01 5.358605575561523438e+01
-5.747620391845703125e+01 5.266619491577148438e+01
-5.722089004516601562e+01 5.176218032836914062e+01
-5.696557235717773438e+01 5.087360382080078125e+01
-5.671025848388671875e+01 5.000034713745117188e+01
-5.645494079589843750e+01 4.914204788208007812e+01
-5.619963073730468750e+01 4.829848480224609375e+01
-5.594430541992187500e+01 4.746939849853515625e+01
-5.568899536132812500e+01 4.665457916259765625e+01
-5.543367767333984375e+01 4.585369873046875000e+01
-5.517836761474609375e+01 4.506660461425781250e+01
-5.492304229736328125e+01 4.429298400878906250e+01
-5.466772842407226562e+01 4.353266906738281250e+01
-5.441241455078125000e+01 4.278538131713867188e+01
-5.415709686279296875e+01 4.205094528198242188e+01
-5.390178680419921875e+01 4.132909393310546875e+01
-5.364646911621093750e+01 4.061963272094726562e+01
-5.339115142822265625e+01 3.992237091064453125e+01
-5.313583374023437500e+01 3.923706054687500000e+01
-5.288052368164062500e+01 3.856352996826171875e+01
-5.262520599365234375e+01 3.790154647827148438e+01
-5.236988830566406250e+01 3.725091552734375000e+01
-5.211457061767578125e+01 3.661146163940429688e+01
-5.185925292968750000e+01 3.598298645019531250e+01
-5.160393142700195312e+01 3.536528015136718750e+01
-5.134861755371093750e+01 3.475819778442382812e+01
-5.109329986572265625e+01 3.416151809692382812e+01
-5.083798217773437500e+01 3.357509613037109375e+01
-5.058266830444335938e+01 3.299873733520507812e+01
-5.032735061645507812e+01 3.243228530883789062e+01
-5.007203292846679688e+01 3.187553977966308594e+01
-4.981671905517578125e+01 3.132835388183593750e+01
-4.956140136718750000e+01 3.079057502746582031e+01
-4.930608367919921875e+01 3.026200675964355469e+01
-4.905076980590820312e+01 2.974252700805664062e+01
-4.879544830322265625e+01 2.923195648193359375e+01
-4.854013824462890625e+01 2.873016357421875000e+01
-4.828482055664062500e+01 2.823697280883789062e+01
-4.802950286865234375e+01 2.775224685668945312e+01
-4.777418518066406250e+01 2.727584266662597656e+01
-4.751887130737304688e+01 2.680762863159179688e+01
-4.726355743408203125e+01 2.634744071960449219e+01
-4.700823974609375000e+01 2.589515113830566406e+01
-4.675292205810546875e+01 2.545063781738281250e+01
-4.649760437011718750e+01 2.501374435424804688e+01
-4.624229049682617188e+01 2.458435058593750000e+01
-4.598697280883789062e+01 2.416233253479003906e+01
-4.573165512084960938e+01 2.374755859375000000e+01
-4.547634124755859375e+01 2.333990097045898438e+01
-4.522101593017578125e+01 2.293922805786132812e+01
-4.496570205688476562e+01 2.254544067382812500e+01
-4.471038436889648438e+01 2.215840339660644531e+01
-4.445507049560546875e+01 2.177800369262695312e+01
-4.419975280761718750e+01 2.140413475036621094e+01
-4.394443893432617188e+01 2.103668785095214844e+01
-4.368912506103515625e+01 2.067555046081542969e+01
-4.343381118774414062e+01 2.032060813903808594e+01
-4.317849349975585938e+01 1.997175788879394531e+01
-4.292317962646484375e+01 1.962890243530273438e+01
-4.266786193847656250e+01 1.929193305969238281e+01
-4.241254806518554688e+01 1.896073722839355469e+01
-4.215723419189453125e+01 1.863523864746093750e+01
-4.190191650390625000e+01 1.831532096862792969e+01
-4.164660263061523438e+01 1.800090217590332031e+01
-4.139128875732421875e+01 1.769187545776367188e+01
-4.113597106933593750e+01 1.738815879821777344e+01
-4.088065338134765625e+01 1.708965110778808594e+01
-4.062534332275390625e+01 1.679626846313476562e+01
-4.037002563476562500e+01 1.650792694091796875e+01
-4.011470794677734375e+01 1.622452926635742188e+01
-3.985939025878906250e+01 1.594600296020507812e+01
-3.960408020019531250e+01 1.567225360870361328e+01
-3.934876251220703125e+01 1.540320396423339844e+01
-3.909345245361328125e+01 1.513877964019775391e+01
-3.883812713623046875e+01 1.487888145446777344e+01
-3.858281326293945312e+01 1.462345504760742188e+01
-3.832749938964843750e+01 1.437240982055664062e+01
-3.807218170166015625e+01 1.412567424774169922e+01
-3.781686782836914062e+01 1.388317871093750000e+01
-3.756155014038085938e+01 1.364484214782714844e+01
-3.730623626708984375e+01 1.341060352325439453e+01
-3.705091857910156250e+01 1.318038082122802734e+01
-3.679560470581054688e+01 1.295410919189453125e+01
-3.654028701782226562e+01 1.273171901702880859e+01
-3.628497314453125000e+01 1.251315689086914062e+01
-3.602965545654296875e+01 1.229833984375000000e+01
-3.577434539794921875e+01 1.208721065521240234e+01
-3.551902770996093750e+01 1.187970924377441406e+01
-3.526371383666992188e+01 1.167576694488525391e+01
-3.500839614868164062e+01 1.147532844543457031e+01
-3.475308227539062500e+01 1.127832794189453125e+01
-3.449776458740234375e+01 1.108471298217773438e+01
-3.424245452880859375e+01 1.089441871643066406e+01
-3.398713684082031250e+01 1.070739078521728516e+01
-3.373181915283203125e+01 1.052357673645019531e+01
-3.347650527954101562e+01 1.034291553497314453e+01
-3.322118759155273438e+01 1.016535568237304688e+01
-3.296587371826171875e+01 9.990846633911132812e+00
-3.271055603027343750e+01 9.819334030151367188e+00
-3.245523834228515625e+01 9.650757789611816406e+00
-3.219992446899414062e+01 9.485082626342773438e+00
-3.194461059570312500e+01 9.322249412536621094e+00
-3.168929290771484375e+01 9.162214279174804688e+00
-3.143397903442382812e+01 9.004923820495605469e+00
-3.117866516113281250e+01 8.850336074829101562e+00
-3.092334938049316406e+01 8.698400497436523438e+00
-3.066803169250488281e+01 8.549074172973632812e+00
-3.041271781921386719e+01 8.402310371398925781e+00
-3.015740203857421875e+01 8.258065223693847656e+00
-2.990208625793457031e+01 8.116298675537109375e+00
-2.964677238464355469e+01 7.976963996887207031e+00
-2.939145469665527344e+01 7.840023040771484375e+00
-2.913614082336425781e+01 7.705430984497070312e+00
-2.888082313537597656e+01 7.573150157928466797e+00
-2.862551307678222656e+01 7.443141460418701172e+00
-2.837019348144531250e+01 7.315364837646484375e+00
-2.811488151550292969e+01 7.189779758453369141e+00
-2.785956573486328125e+01 7.066350936889648438e+00
-2.760424995422363281e+01 6.945042610168457031e+00
-2.734893608093261719e+01 6.825815200805664062e+00
-2.709361839294433594e+01 6.708635807037353516e+00
-2.683830451965332031e+01 6.593467235565185547e+00
-2.658298683166503906e+01 6.480275154113769531e+00
-2.632767295837402344e+01 6.369028091430664062e+00
-2.607235145568847656e+01 6.259687423706054688e+00
-2.581703758239746094e+01 6.152225971221923828e+00
-2.556171989440917969e+01 6.046608924865722656e+00
-2.530640602111816406e+01 5.942806720733642578e+00
-2.505108833312988281e+01 5.840784549713134766e+00
-2.479577445983886719e+01 5.740515708923339844e+00
-2.454046058654785156e+01 5.641966819763183594e+00
-2.428514289855957031e+01 5.545109748840332031e+00
-2.402982902526855469e+01 5.449916362762451172e+00
-2.377451324462890625e+01 5.356356143951416016e+00
-2.351919746398925781e+01 5.264403343200683594e+00
-2.326388359069824219e+01 5.174029350280761719e+00
-2.300856590270996094e+01 5.085205078125000000e+00
-2.275325202941894531e+01 4.997907161712646484e+00
-2.249793434143066406e+01 4.912105560302734375e+00
-2.224262237548828125e+01 4.827779293060302734e+00
-2.198730659484863281e+01 4.744900703430175781e+00
-2.173199272155761719e+01 4.663443565368652344e+00
-2.147667503356933594e+01 4.583384990692138672e+00
-2.122136116027832031e+01 4.504702091217041016e+00
-2.096604347229003906e+01 4.427368164062500000e+00
-2.071072959899902344e+01 4.351363658905029297e+00
-2.045541381835937500e+01 4.276662349700927734e+00
-2.020009803771972656e+01 4.203244686126708984e+00
-1.994478416442871094e+01 4.131086826324462891e+00
-1.968946266174316406e+01 4.060166358947753906e+00
-1.943414688110351562e+01 3.990464210510253906e+00
-1.917883110046386719e+01 3.921959161758422852e+00
-1.892351722717285156e+01 3.854630231857299805e+00
-1.866820144653320312e+01 3.788457632064819336e+00
-1.841288566589355469e+01 3.723420143127441406e+00
-1.815757179260253906e+01 3.659499645233154297e+00
-1.790225410461425781e+01 3.596676588058471680e+00
-1.764694023132324219e+01 3.534931421279907227e+00
-1.739162445068359375e+01 3.474246978759765625e+00
-1.713630867004394531e+01 3.414603710174560547e+00
-1.688099288940429688e+01 3.355985164642333984e+00
-1.662569046020507812e+01 3.298409700393676758e+00
-1.637039375305175781e+01 3.241846084594726562e+00
-1.611509895324707031e+01 3.186253070831298828e+00
-1.585980129241943359e+01 3.131613254547119141e+00
-1.560450458526611328e+01 3.077909946441650391e+00
-1.534920787811279297e+01 3.025127887725830078e+00
-1.509391212463378906e+01 2.973251342773437500e+00
-1.483861541748046875e+01 2.922264099121093750e+00
-1.458332157135009766e+01 2.872151613235473633e+00
-1.432802391052246094e+01 2.822898149490356445e+00
-1.407272815704345703e+01 2.774489164352416992e+00
-1.381743144989013672e+01 2.726910591125488281e+00
-1.356213569641113281e+01 2.680147647857666016e+00
-1.330683422088623047e+01 2.634185552597045898e+00
-1.305153751373291016e+01 2.589012861251831055e+00
-1.279624080657958984e+01 2.544614791870117188e+00
-1.254094600677490234e+01 2.500978469848632812e+00
-1.228564929962158203e+01 2.458090066909790039e+00
-1.203035640716552734e+01 2.415940284729003906e+00
-1.177535343170166016e+01 2.374716281890869141e+00
-1.152262496948242188e+01 2.335140943527221680e+00
-1.126989746093750000e+01 2.296224832534790039e+00
-1.101716899871826172e+01 2.257957458496093750e+00
-1.076443958282470703e+01 2.220327615737915039e+00
-1.051171302795410156e+01 2.183325052261352539e+00
-1.025898456573486328e+01 2.146939277648925781e+00
-1.000625705718994141e+01 2.111159563064575195e+00
-9.840971946716308594e+00 2.091614961624145508e+00
-9.766464233398437500e+00 2.087565660476684570e+00
-9.696623802185058594e+00 2.083531379699707031e+00
-9.626787185668945312e+00 2.079506635665893555e+00
-9.556950569152832031e+00 2.075489282608032227e+00
-9.487115859985351562e+00 2.071480035781860352e+00
-9.417279243469238281e+00 2.067478418350219727e+00
-9.347443580627441406e+00 2.063484430313110352e+00
-9.277606964111328125e+00 2.059498071670532227e+00
-9.207771301269531250e+00 2.055519819259643555e+00
-9.137934684753417969e+00 2.051548957824707031e+00
-9.068097114562988281e+00 2.047585725784301758e+00
-8.998261451721191406e+00 2.043630361557006836e+00
-8.928425788879394531e+00 2.039682388305664062e+00
-8.858590126037597656e+00 2.035742282867431641e+00
-8.788753509521484375e+00 2.031809806823730469e+00
-8.718916893005371094e+00 2.027884721755981445e+00
-8.649081230163574219e+00 2.023967266082763672e+00
-8.579245567321777344e+00 2.020057439804077148e+00
-8.509409904479980469e+00 2.016155004501342773e+00
-8.439572334289550781e+00 2.012260198593139648e+00
-8.369736671447753906e+00 2.008373022079467773e+00
-8.299901008605957031e+00 2.004493474960327148e+00
-8.230064392089843750e+00 2.000621080398559570e+00
-8.160229682922363281e+00 1.996756434440612793e+00
-8.090393066406250000e+00 1.992899179458618164e+00
-8.020556449890136719e+00 1.989049196243286133e+00
-7.950720787048339844e+00 1.985206842422485352e+00
-7.880884647369384766e+00 1.981371879577636719e+00
-7.811048507690429688e+00 1.977544426918029785e+00
-7.741211891174316406e+00 1.973724246025085449e+00
-7.671376228332519531e+00 1.969911336898803711e+00
-7.601539611816406250e+00 1.966106057167053223e+00
-7.531703472137451172e+00 1.962307810783386230e+00
-7.461867809295654297e+00 1.958517193794250488e+00
-7.392031192779541016e+00 1.954733729362487793e+00
-7.322195529937744141e+00 1.950957655906677246e+00
-7.252359390258789062e+00 1.947188854217529297e+00
-7.182523727416992188e+00 1.943427324295043945e+00
-7.112687587738037109e+00 1.939672946929931641e+00
-7.042850971221923828e+00 1.935925960540771484e+00
-6.973015308380126953e+00 1.932186365127563477e+00
-6.903178215026855469e+00 1.928453683853149414e+00
-6.833342552185058594e+00 1.924728393554687500e+00
-6.763505935668945312e+00 1.921010255813598633e+00
-6.693670272827148438e+00 1.917299151420593262e+00
-6.623834609985351562e+00 1.913595557212829590e+00
-6.553997993469238281e+00 1.909898757934570312e+00
-6.484162330627441406e+00 1.906209349632263184e+00
-6.414326190948486328e+00 1.902526974678039551e+00
-6.344490051269531250e+00 1.898851752281188965e+00
-6.274654388427734375e+00 1.895183563232421875e+00
-6.204817771911621094e+00 1.891522407531738281e+00
-6.134981632232666016e+00 1.887868523597717285e+00
-6.065145969390869141e+00 1.884221553802490234e+00
-5.995308876037597656e+00 1.880581498146057129e+00
-5.925473213195800781e+00 1.876948714256286621e+00
-5.855637073516845703e+00 1.873322844505310059e+00
-5.785800933837890625e+00 1.869704008102416992e+00
-5.715964317321777344e+00 1.866092205047607422e+00
-5.646128654479980469e+00 1.862487435340881348e+00
-5.576292514801025391e+00 1.858889460563659668e+00
-5.506456375122070312e+00 1.855298399925231934e+00
-5.436620712280273438e+00 1.851714491844177246e+00
-5.366785049438476562e+00 1.848137497901916504e+00
-5.296948909759521484e+00 1.844567298889160156e+00
-5.227112293243408203e+00 1.841003894805908203e+00
-5.157275199890136719e+00 1.837447404861450195e+00
-5.087439537048339844e+00 1.833898067474365234e+00
-5.017603874206542969e+00 1.830355286598205566e+00
-4.947767257690429688e+00 1.826819419860839844e+00
-4.877930641174316406e+00 1.823290467262268066e+00
-4.808095455169677734e+00 1.819768309593200684e+00
-4.738259315490722656e+00 1.816252946853637695e+00
-4.668423175811767578e+00 1.812744379043579102e+00
-4.598587036132812500e+00 1.809242486953735352e+00
-4.528750896453857422e+00 1.805747509002685547e+00
-4.458914756774902344e+00 1.802259087562561035e+00
-4.389079093933105469e+00 1.798777580261230469e+00
-4.319242954254150391e+00 1.795302748680114746e+00
-4.249405860900878906e+00 1.791834592819213867e+00
-4.179570198059082031e+00 1.788373112678527832e+00
-4.109733581542968750e+00 1.784918546676635742e+00
-4.039897918701171875e+00 1.781470417976379395e+00
-3.970062017440795898e+00 1.778028964996337891e+00
-3.900226116180419922e+00 1.774594187736511230e+00
-3.830390453338623047e+00 1.771166086196899414e+00
-3.760554075241088867e+00 1.767744660377502441e+00
-3.690717935562133789e+00 1.764329791069030762e+00
-3.620881795883178711e+00 1.760921359062194824e+00
-3.551045656204223633e+00 1.757519721984863281e+00
-3.481209993362426758e+00 1.754124760627746582e+00
-3.411372900009155273e+00 1.750735998153686523e+00
-3.341536760330200195e+00 1.747354030609130859e+00
-3.271700620651245117e+00 1.743978619575500488e+00
-3.201864480972290039e+00 1.740609526634216309e+00
-3.132028818130493164e+00 1.737246990203857422e+00
-3.062192678451538086e+00 1.733891129493713379e+00
-2.992356300354003906e+00 1.730541586875915527e+00
-2.922520399093627930e+00 1.727198600769042969e+00
-2.852684259414672852e+00 1.723862051963806152e+00
-2.782848358154296875e+00 1.720531940460205078e+00
-2.713012456893920898e+00 1.717208266258239746e+00
-2.643176078796386719e+00 1.713890910148620605e+00
-2.573340177536010742e+00 1.710580110549926758e+00
-2.503503322601318359e+00 1.707275748252868652e+00
-2.433667421340942383e+00 1.703977584838867188e+00
-2.363831281661987305e+00 1.700685858726501465e+00
-2.293995141983032227e+00 1.697400569915771484e+00
-2.224159002304077148e+00 1.694121479988098145e+00
-2.154322862625122070e+00 1.690848946571350098e+00
-2.084487199783325195e+00 1.687582612037658691e+00
-2.014651060104370117e+00 1.684322595596313477e+00
-1.944814920425415039e+00 1.681068778038024902e+00
-1.874978899955749512e+00 1.677821278572082520e+00
-1.805142760276794434e+00 1.674580097198486328e+00
-1.735306739807128906e+00 1.671345233917236328e+00
-1.665470123291015625e+00 1.668116569519042969e+00
-1.595633983612060547e+00 1.664894223213195801e+00
-1.525797605514526367e+00 1.661677956581115723e+00
-1.455961704254150391e+00 1.658468008041381836e+00
-1.386125564575195312e+00 1.655264139175415039e+00
-1.316289544105529785e+00 1.652066588401794434e+00
-1.246453762054443359e+00 1.648875117301940918e+00
-1.176617622375488281e+00 1.645689964294433594e+00
-1.106781363487243652e+00 1.642510890960693359e+00
-1.036945223808288574e+00 1.639337897300720215e+00
-9.671090245246887207e-01 1.636170983314514160e+00
-8.972727060317993164e-01 1.633010268211364746e+00
-8.274366855621337891e-01 1.629855632781982422e+00
-7.576008439064025879e-01 1.626707196235656738e+00
-6.877648234367370605e-01 1.623564720153808594e+00
-6.179284453392028809e-01 1.620428323745727539e+00
-5.480923056602478027e-01 1.617298126220703125e+00
-4.791181385517120361e-01 1.614225864410400391e+00
-4.107278883457183838e-01 1.611194610595703125e+00
-3.423378169536590576e-01 1.608169078826904297e+00
-2.739476859569549561e-01 1.605149269104003906e+00
-2.055576592683792114e-01 1.602135181427001953e+00
-1.371669918298721313e-01 1.599126696586608887e+00
-6.877686083316802979e-02 1.596123814582824707e+00
-7.782236672937870026e-03 1.593508481979370117e+00
3.489945828914642334e-02 1.591795444488525391e+00
7.406245172023773193e-02 1.590236067771911621e+00
1.132257431745529175e-01 1.588678121566772461e+00
1.520794481039047241e-01 1.587129712104797363e+00
1.906690448522567749e-01 1.585589766502380371e+00
2.292583137750625610e-01 1.584051251411437988e+00
2.678474485874176025e-01 1.582514405250549316e+00
3.064369559288024902e-01 1.580978870391845703e+00
3.450263440608978271e-01 1.579444885253906250e+00
3.756723701953887939e-01 1.577889561653137207e+00
4.053945243358612061e-01 1.576333045959472656e+00
4.351172149181365967e-01 1.574778079986572266e+00
4.648393392562866211e-01 1.573224663734436035e+00
4.945614039897918701e-01 1.571672797203063965e+00
5.242839455604553223e-01 1.570122480392456055e+00
5.540061593055725098e-01 1.568573713302612305e+00
5.837284922599792480e-01 1.567026376724243164e+00
6.134509444236755371e-01 1.565480589866638184e+00
6.431732773780822754e-01 1.563936352729797363e+00
6.728954911231994629e-01 1.562393665313720703e+00
7.026177048683166504e-01 1.560852408409118652e+00
7.323400378227233887e-01 1.559312820434570312e+00
7.620624899864196777e-01 1.557774662971496582e+00
7.917847633361816406e-01 1.556238055229187012e+00
8.215070366859436035e-01 1.554702877998352051e+00
8.512294292449951172e-01 1.553169250488281250e+00
8.809516429901123047e-01 1.551637172698974609e+00
9.106724858283996582e-01 1.550106525421142578e+00
9.309968352317810059e-01 1.549038052558898926e+00
9.480826854705810547e-01 1.548178672790527344e+00
9.607561826705932617e-01 1.547658920288085938e+00
9.734301567077636719e-01 1.547139286994934082e+00
9.861037731170654297e-01 1.546619772911071777e+00
9.987774491310119629e-01 1.546100497245788574e+00
1.011046648025512695e+00 1.545625805854797363e+00
1.004038929939270020e+00 1.547358870506286621e+00
9.950317740440368652e-01 1.549333095550537109e+00
9.860245585441589355e-01 1.551309823989868164e+00
9.770174026489257812e-01 1.553289055824279785e+00
9.680101275444030762e-01 1.555270791053771973e+00
9.590029120445251465e-01 1.557255029678344727e+00
9.499958753585815430e-01 1.559241890907287598e+00
9.409886002540588379e-01 1.561231255531311035e+00
9.319813847541809082e-01 1.563223123550415039e+00
9.229742884635925293e-01 1.565217614173889160e+00
9.139670729637145996e-01 1.567214608192443848e+00
9.049598574638366699e-01 1.569213986396789551e+00
8.959525823593139648e-01 1.571216106414794922e+00
8.869455456733703613e-01 1.573220729827880859e+00
8.779383301734924316e-01 1.575227975845336914e+00
8.689311742782592773e-01 1.577237725257873535e+00
8.599239587783813477e-01 1.579249978065490723e+00
8.509168028831481934e-01 1.581264853477478027e+00
8.419095873832702637e-01 1.583282351493835449e+00
8.329023718833923340e-01 1.585302352905273438e+00
8.238952755928039551e-01 1.587324976921081543e+00
8.148881196975708008e-01 1.589350104331970215e+00
8.058809041976928711e-01 1.591377854347229004e+00
7.968736290931701660e-01 1.593408226966857910e+00
7.878665328025817871e-01 1.595441102981567383e+00
7.788593173027038574e-01 1.597476720809936523e+00
7.698521614074707031e-01 1.599514842033386230e+00
7.608449459075927734e-01 1.601555585861206055e+00
7.518377304077148438e-01 1.603598833084106445e+00
7.428305745124816895e-01 1.605644822120666504e+00
7.338232994079589844e-01 1.607693433761596680e+00
7.248162031173706055e-01 1.609744548797607422e+00
7.158091068267822266e-01 1.611798286437988281e+00
7.068018317222595215e-01 1.613854765892028809e+00
6.977946162223815918e-01 1.615913748741149902e+00
6.887874603271484375e-01 1.617975473403930664e+00
6.797803640365600586e-01 1.620039701461791992e+00
6.707732677459716797e-01 1.622106552124023438e+00
6.617658734321594238e-01 1.624176144599914551e+00
6.527587771415710449e-01 1.626248359680175781e+00
6.437516212463378906e-01 1.628323197364807129e+00
6.347444057464599609e-01 1.630400657653808594e+00
6.257371306419372559e-01 1.632480859756469727e+00
6.167300343513488770e-01 1.634563565254211426e+00
6.077229380607604980e-01 1.636649012565612793e+00
5.987156629562377930e-01 1.638737201690673828e+00
5.897084474563598633e-01 1.640827894210815430e+00
5.807013511657714844e-01 1.642921447753906250e+00
5.716941952705383301e-01 1.645017504692077637e+00
5.626869797706604004e-01 1.647116303443908691e+00
5.536797642707824707e-01 1.649217724800109863e+00
5.446726083755493164e-01 1.651321887969970703e+00
5.356653928756713867e-01 1.653428673744201660e+00
5.266582369804382324e-01 1.655538320541381836e+00
5.176509618759155273e-01 1.657650470733642578e+00
5.086438655853271484e-01 1.659765362739562988e+00
4.996367394924163818e-01 1.661882996559143066e+00
4.906294643878936768e-01 1.664003252983093262e+00
4.816222488880157471e-01 1.666126251220703125e+00
4.726151525974273682e-01 1.668251872062683105e+00
4.636078774929046631e-01 1.670380353927612305e+00
4.546007812023162842e-01 1.672511458396911621e+00
4.455935657024383545e-01 1.674645423889160156e+00
4.365864098072052002e-01 1.676782011985778809e+00
4.275791347026824951e-01 1.678921341896057129e+00
4.185720384120941162e-01 1.681063294410705566e+00
4.095647633075714111e-01 1.683208107948303223e+00
4.005575478076934814e-01 1.685355663299560547e+00
3.915504515171051025e-01 1.687505960464477539e+00
3.825431764125823975e-01 1.689658880233764648e+00
3.735360801219940186e-01 1.691814661026000977e+00
3.645289242267608643e-01 1.693973064422607422e+00
3.555217087268829346e-01 1.696134328842163086e+00
3.465146124362945557e-01 1.698298335075378418e+00
3.375073969364166260e-01 1.700465083122253418e+00
3.285001218318939209e-01 1.702634692192077637e+00
3.194930255413055420e-01 1.704807043075561523e+00
3.104858100414276123e-01 1.706982016563415527e+00
3.014786541461944580e-01 1.709159851074218750e+00
2.924713790416717529e-01 1.711340546607971191e+00
2.834642827510833740e-01 1.713523864746093750e+00
2.744570076465606689e-01 1.715710043907165527e+00
2.654499113559722900e-01 1.717899084091186523e+00
2.564427554607391357e-01 1.720090746879577637e+00
2.474354952573776245e-01 1.722285389900207520e+00
2.383971661329269409e-01 1.724539041519165039e+00
2.292902022600173950e-01 1.726919174194335938e+00
2.201832383871078491e-01 1.729302525520324707e+00
2.110763937234878540e-01 1.731689333915710449e+00
2.019693702459335327e-01 1.734079360961914062e+00
1.928624808788299561e-01 1.736472606658935547e+00
1.837553977966308594e-01 1.738869309425354004e+00
1.746485531330108643e-01 1.741269111633300781e+00
1.655417084693908691e-01 1.743672370910644531e+00
1.564346849918365479e-01 1.746078848838806152e+00
1.473277807235717773e-01 1.748488783836364746e+00
1.382208317518234253e-01 1.750901937484741211e+00
1.291139870882034302e-01 1.753318428993225098e+00
1.200070232152938843e-01 1.755738377571105957e+00
1.109000593423843384e-01 1.758161544799804688e+00
1.017931550741195679e-01 1.760588049888610840e+00
9.268619865179061890e-02 1.763018012046813965e+00
8.357929438352584839e-02 1.765451312065124512e+00
7.447244971990585327e-02 1.767887830734252930e+00
6.536555290222167969e-02 1.770327806472778320e+00
5.625858902931213379e-02 1.772771239280700684e+00
4.715156927704811096e-02 1.775217890739440918e+00
3.804472461342811584e-02 1.777667999267578125e+00
2.893770486116409302e-02 1.780121445655822754e+00
1.983086392283439636e-02 1.782578349113464355e+00
1.072389911860227585e-02 1.785038471221923828e+00
1.616998575627803802e-03 1.787502288818359375e+00
-7.490023039281368256e-03 1.789969205856323242e+00
-1.659692451357841492e-02 1.792439699172973633e+00
-2.570382691919803619e-02 1.794913649559020996e+00
-3.481078892946243286e-02 1.797390818595886230e+00
-4.391768947243690491e-02 1.799871444702148438e+00
-5.302459001541137695e-02 1.802355647087097168e+00
-6.213155388832092285e-02 1.804843187332153320e+00
-7.123851776123046875e-02 1.807334184646606445e+00
-8.034535497426986694e-02 1.809828519821166992e+00
-8.945237845182418823e-02 1.812326431274414062e+00
-9.855922311544418335e-02 1.814827680587768555e+00
-1.076661199331283569e-01 1.817332386970520020e+00
-1.167730838060379028e-01 1.819840669631958008e+00
-1.258800476789474487e-01 1.822352409362792969e+00
-1.349869519472122192e-01 1.824867486953735352e+00
-1.440939158201217651e-01 1.827386021614074707e+00
-1.532008051872253418e-01 1.829908251762390137e+00
-1.623077690601348877e-01 1.832433700561523438e+00
-1.714146733283996582e-01 1.834962725639343262e+00
-1.805216372013092041e-01 1.837495446205139160e+00
-1.896285414695739746e-01 1.840031385421752930e+00
-1.987355053424835205e-01 1.842570900917053223e+00
-2.078423947095870972e-01 1.845113992691040039e+00
-2.169492989778518677e-01 1.847660541534423828e+00
-2.260562628507614136e-01 1.850210547447204590e+00
-2.351632267236709595e-01 1.852764248847961426e+00
-2.442701905965805054e-01 1.855321288108825684e+00
-2.533771097660064697e-01 1.857881903648376465e+00
-2.624839842319488525e-01 1.860446214675903320e+00
-2.715909183025360107e-01 1.863013863563537598e+00
-2.806978821754455566e-01 1.865585088729858398e+00
-2.898048460483551025e-01 1.868159890174865723e+00
-2.989117205142974854e-01 1.870738267898559570e+00
-3.080186247825622559e-01 1.873320221900939941e+00
-3.171255290508270264e-01 1.875905632972717285e+00
-3.262324631214141846e-01 1.878494739532470703e+00
-3.353393971920013428e-01 1.881087422370910645e+00
-3.444463014602661133e-01 1.883683562278747559e+00
-3.535532653331756592e-01 1.886283278465270996e+00
-3.626601397991180420e-01 1.888886809349060059e+00
-3.717670738697052002e-01 1.891493678092956543e+00
-3.808741271495819092e-01 1.894104242324829102e+00
-3.899810612201690674e-01 1.896718502044677734e+00
-3.990879952907562256e-01 1.899336218833923340e+00
-4.081948399543762207e-01 1.901957631111145020e+00
-4.173017442226409912e-01 1.904582619667053223e+00
-4.264087677001953125e-01 1.907211303710937500e+00
-4.355155527591705322e-01 1.909843444824218750e+00
-4.446225762367248535e-01 1.912479400634765625e+00
-4.537294209003448486e-01 1.915118932723999023e+00
-4.628364443778991699e-01 1.917762041091918945e+00
-4.719432294368743896e-01 1.920408844947814941e+00
-4.810502827167510986e-01 1.923059463500976562e+00
-4.901572763919830322e-01 1.925713539123535156e+00
-4.992641806602478027e-01 1.928371310234069824e+00
-5.083711147308349609e-01 1.931032776832580566e+00
-5.174779891967773438e-01 1.933697938919067383e+00
-5.265849232673645020e-01 1.936366677284240723e+00
-5.356917977333068848e-01 1.939039349555969238e+00
-5.447987914085388184e-01 1.941715478897094727e+00
-5.539056658744812012e-01 1.944395303726196289e+00
-5.630125999450683594e-01 1.947078824043273926e+00
-5.721195340156555176e-01 1.949766159057617188e+00
-5.812263488769531250e-01 1.952457189559936523e+00
-5.903333425521850586e-01 1.955151796340942383e+00
-5.994402170181274414e-01 1.957850337028503418e+00
-6.085472702980041504e-01 1.960552453994750977e+00
-6.176543235778808594e-01 1.963258266448974609e+00
-6.267610788345336914e-01 1.965968012809753418e+00
-6.358680725097656250e-01 1.968681335449218750e+00
-6.449749469757080078e-01 1.971398353576660156e+00
-6.540819406509399414e-01 1.974119305610656738e+00
-6.631888151168823242e-01 1.976843833923339844e+00
-6.722958087921142578e-01 1.979572176933288574e+00
-6.814026236534118652e-01 1.982304334640502930e+00
-6.905095577239990234e-01 1.985040187835693359e+00
-6.992801427841186523e-01 1.987705588340759277e+00
-7.050440311431884766e-01 1.990085721015930176e+00
-7.093438506126403809e-01 1.992332935333251953e+00
-7.134490013122558594e-01 1.994568467140197754e+00
-7.157373428344726562e-01 1.996674656867980957e+00
-7.180255651473999023e-01 1.998782873153686523e+00
-7.203139662742614746e-01 2.000893354415893555e+00
-7.226023674011230469e-01 2.003006219863891602e+00
-7.248906493186950684e-01 2.005121231079101562e+00
-7.271789908409118652e-01 2.007238626480102539e+00
-7.294672727584838867e-01 2.009358167648315430e+00
-7.317556738853454590e-01 2.011479854583740234e+00
-7.338718175888061523e-01 2.013601541519165039e+00
-7.309343218803405762e-01 2.015671253204345703e+00
-7.206094861030578613e-01 2.017699241638183594e+00
-7.100779414176940918e-01 2.019728183746337891e+00
-6.995468735694885254e-01 2.021759510040283203e+00
-6.890156269073486328e-01 2.023792743682861328e+00
-6.784843206405639648e-01 2.025827884674072266e+00
-6.679530143737792969e-01 2.027865171432495117e+00
-6.574218869209289551e-01 2.029904365539550781e+00
-6.423083543777465820e-01 2.032137155532836914e+00
-6.190865635871887207e-01 2.034159660339355469e+00
-5.892325639724731445e-01 2.036124944686889648e+00
-5.424459576606750488e-01 2.039032220840454102e+00
-4.928167164325714111e-01 2.042135238647460938e+00
-4.320210516452789307e-01 2.045997858047485352e+00
-3.712242543697357178e-01 2.049867868423461914e+00
-3.104284703731536865e-01 2.053745031356811523e+00
-2.496325522661209106e-01 2.057629585266113281e+00
-1.888368278741836548e-01 2.061521291732788086e+00
-1.280408650636672974e-01 2.065420627593994141e+00
-6.724496185779571533e-02 2.069327354431152344e+00
-6.449119187891483307e-03 2.073241233825683594e+00
5.434660613536834717e-02 2.077162742614746094e+00
1.151424497365951538e-01 2.081091403961181641e+00
1.759384721517562866e-01 2.085027933120727539e+00
2.367341965436935425e-01 2.088971614837646484e+00
2.975301444530487061e-01 2.092922687530517578e+00
3.583259880542755127e-01 2.096881389617919922e+00
4.191222488880157471e-01 2.100847482681274414e+00
4.799182116985321045e-01 2.104821205139160156e+00
5.407142639160156250e-01 2.108802318572998047e+00
6.086975336074829102e-01 2.113960981369018555e+00
7.333193421363830566e-01 2.128484249114990234e+00
8.746724128723144531e-01 2.145935773849487305e+00
1.016025900840759277e+00 2.163530111312866211e+00
1.157378315925598145e+00 2.181268692016601562e+00
1.298732042312622070e+00 2.199152946472167969e+00
1.440084815025329590e+00 2.217183589935302734e+00
1.587117671966552734e+00 2.236413240432739258e+00
1.736308813095092773e+00 2.256213188171386719e+00
1.885502099990844727e+00 2.276188611984252930e+00
2.034693002700805664e+00 2.296340703964233398e+00
2.183939456939697266e+00 2.316704034805297852e+00
2.333190441131591797e+00 2.337250947952270508e+00
2.526870250701904297e+00 2.367371320724487305e+00
2.728988647460937500e+00 2.399694919586181641e+00
2.931262493133544922e+00 2.432518005371093750e+00
3.133536338806152344e+00 2.465790510177612305e+00
3.335809469223022461e+00 2.499517679214477539e+00
3.538083314895629883e+00 2.533706426620483398e+00
3.758201599121093750e+00 2.573347806930541992e+00
3.986404180526733398e+00 2.615906238555908203e+00
4.214606285095214844e+00 2.659168243408203125e+00
4.442808151245117188e+00 2.703145980834960938e+00
4.671010017395019531e+00 2.747850418090820312e+00
4.899211883544921875e+00 2.793294668197631836e+00
5.127414226531982422e+00 2.839490413665771484e+00
5.355615615844726562e+00 2.886450052261352539e+00
5.583817481994628906e+00 2.934186697006225586e+00
5.812026023864746094e+00 2.982713699340820312e+00
6.040227890014648438e+00 3.032041788101196289e+00
6.268429756164550781e+00 3.082186460494995117e+00
6.496631622314453125e+00 3.133159399032592773e+00
6.724834442138671875e+00 3.184976339340209961e+00
6.953035354614257812e+00 3.237649440765380859e+00
7.181238174438476562e+00 3.291194200515747070e+00
7.409438610076904297e+00 3.345623731613159180e+00
7.637641429901123047e+00 3.400954008102416992e+00
7.865843296051025391e+00 3.457199335098266602e+00
8.094046592712402344e+00 3.514374971389770508e+00
8.322248458862304688e+00 3.572495698928833008e+00
8.550449371337890625e+00 3.631578445434570312e+00
8.778652191162109375e+00 3.691637277603149414e+00
9.006853103637695312e+00 3.752689599990844727e+00
9.235055923461914062e+00 3.814752340316772461e+00
9.463257789611816406e+00 3.877840757369995117e+00
9.691458702087402344e+00 3.941972970962524414e+00
9.919661521911621094e+00 4.007165431976318359e+00
1.014786434173583984e+01 4.073436260223388672e+00
1.037606525421142578e+01 4.140803337097167969e+00
1.060426712036132812e+01 4.209283828735351562e+00
1.083246994018554688e+01 4.278898239135742188e+00
1.106067085266113281e+01 4.349662303924560547e+00
1.128887367248535156e+01 4.421597003936767578e+00
1.151708126068115234e+01 4.494723796844482422e+00
1.174528408050537109e+01 4.569058418273925781e+00
1.198116207122802734e+01 4.647916793823242188e+00
1.223220920562744141e+01 4.734959125518798828e+00
1.248334980010986328e+01 4.823675155639648438e+00
1.273449134826660156e+01 4.914053440093994141e+00
1.298563289642333984e+01 5.006126403808593750e+00
1.323677349090576172e+01 5.099922180175781250e+00
1.348791408538818359e+01 5.195477485656738281e+00
1.373905658721923828e+01 5.292821884155273438e+00
1.399019718170166016e+01 5.391990184783935547e+00
1.424133777618408203e+01 5.493016719818115234e+00
1.449248027801513672e+01 5.595936298370361328e+00
1.474362087249755859e+01 5.700785160064697266e+00
1.499476146697998047e+01 5.807596206665039062e+00
1.524590396881103516e+01 5.916410923004150391e+00
1.549704456329345703e+01 6.027263164520263672e+00
1.574818420410156250e+01 6.140192031860351562e+00
1.599932575225830078e+01 6.255237102508544922e+00
1.625046730041503906e+01 6.372439384460449219e+00
1.650160789489746094e+01 6.491836071014404297e+00
1.675274848937988281e+01 6.613469600677490234e+00
1.700389099121093750e+01 6.737382411956787109e+00
1.725502967834472656e+01 6.863616466522216797e+00
1.750617218017578125e+01 6.992216110229492188e+00
1.775732040405273438e+01 7.123228073120117188e+00
1.800846099853515625e+01 7.256691932678222656e+00
1.825960350036621094e+01 7.392656326293945312e+00
1.851074409484863281e+01 7.531169414520263672e+00
1.876188468933105469e+01 7.672276496887207031e+00
1.901302528381347656e+01 7.816027641296386719e+00
1.926416778564453125e+01 7.962471485137939453e+00
1.951530838012695312e+01 8.111660003662109375e+00
1.976685523986816406e+01 8.262595176696777344e+00
2.002145957946777344e+01 8.414428710937500000e+00
2.027617454528808594e+01 8.569083213806152344e+00
2.053088951110839844e+01 8.726577758789062500e+00
2.078560066223144531e+01 8.886968612670898438e+00
2.104031562805175781e+01 9.050306320190429688e+00
2.129503059387207031e+01 9.216648101806640625e+00
2.154974365234375000e+01 9.386044502258300781e+00
2.180445861816406250e+01 9.558559417724609375e+00
2.205917167663574219e+01 9.734239578247070312e+00
2.231388664245605469e+01 9.913149833679199219e+00
2.256859970092773438e+01 1.009534931182861328e+01
2.282331466674804688e+01 1.028089904785156250e+01
2.307802772521972656e+01 1.046985626220703125e+01
2.333274269104003906e+01 1.066228771209716797e+01
2.358745574951171875e+01 1.085825443267822266e+01
2.384217071533203125e+01 1.105782318115234375e+01
2.409689140319824219e+01 1.126106739044189453e+01
2.435160446166992188e+01 1.146803951263427734e+01
2.460631752014160156e+01 1.167881774902343750e+01
2.486102867126464844e+01 1.189346790313720703e+01
2.511574554443359375e+01 1.211206626892089844e+01
2.537045860290527344e+01 1.233467864990234375e+01
2.562517356872558594e+01 1.256138610839843750e+01
2.587988853454589844e+01 1.279226016998291016e+01
2.613460159301757812e+01 1.302737426757812500e+01
2.638931465148925781e+01 1.326681232452392578e+01
2.664402961730957031e+01 1.351064872741699219e+01
2.689874267578125000e+01 1.375897026062011719e+01
2.715345573425292969e+01 1.401185512542724609e+01
2.741234397888183594e+01 1.423598480224609375e+01
2.770137977600097656e+01 1.431302928924560547e+01
2.799327278137207031e+01 1.438055038452148438e+01
2.829203796386718750e+01 1.440138435363769531e+01
2.859312057495117188e+01 1.440746212005615234e+01
2.889419937133789062e+01 1.441354370117187500e+01
2.919528007507324219e+01 1.441962432861328125e+01
2.949636268615722656e+01 1.442571067810058594e+01
2.979744148254394531e+01 1.443180274963378906e+01
3.009852218627929688e+01 1.443789100646972656e+01
3.039960289001464844e+01 1.444398880004882812e+01
3.070068359375000000e+01 1.445008182525634766e+01
3.100177192687988281e+01 1.445618438720703125e+01
3.130285072326660156e+01 1.446228313446044922e+01
3.160393333435058594e+01 1.446839046478271484e+01
3.190501213073730469e+01 1.447449779510498047e+01
3.220610046386718750e+01 1.448060703277587891e+01
3.250717926025390625e+01 1.448671913146972656e+01
3.280825805664062500e+01 1.449283409118652344e+01
3.310933685302734375e+01 1.449895095825195312e+01
3.341041946411132812e+01 1.450507068634033203e+01
3.371149826049804688e+01 1.451119327545166016e+01
3.401258087158203125e+01 1.451731872558593750e+01
3.431365966796875000e+01 1.452344608306884766e+01
3.461474227905273438e+01 1.452957630157470703e+01
3.491582107543945312e+01 1.453570556640625000e+01
3.521690368652343750e+01 1.454184436798095703e+01
3.551798248291015625e+01 1.454797935485839844e+01
3.581906509399414062e+01 1.455412292480468750e+01
3.612014389038085938e+01 1.456026268005371094e+01
3.642122650146484375e+01 1.456641197204589844e+01
3.672230529785156250e+01 1.457256031036376953e+01
3.702338790893554688e+01 1.457871150970458984e+01
3.732447052001953125e+01 1.458486461639404297e+01
3.762554931640625000e+01 1.459101772308349609e+01
3.792662811279296875e+01 1.459717941284179688e+01
3.822771072387695312e+01 1.460334110260009766e+01
3.852879714965820312e+01 1.460950469970703125e+01
3.882987976074218750e+01 1.461566829681396484e+01
3.913095855712890625e+01 1.462184047698974609e+01
3.943203735351562500e+01 1.462801265716552734e+01
3.973311996459960938e+01 1.463418674468994141e+01
4.003420257568359375e+01 1.464036369323730469e+01
4.033528137207031250e+01 1.464654350280761719e+01
4.063636016845703125e+01 1.465272140502929688e+01
4.093744277954101562e+01 1.465891361236572266e+01
4.123852157592773438e+01 1.466509723663330078e+01
4.153960418701171875e+01 1.467128372192382812e+01
4.184068298339843750e+01 1.467747974395751953e+01
4.214176177978515625e+01 1.468367481231689453e+01
4.244284439086914062e+01 1.468987274169921875e+01
4.274392700195312500e+01 1.469607353210449219e+01
4.304500579833984375e+01 1.470227622985839844e+01
4.334608840942382812e+01 1.470848178863525391e+01
4.364717102050781250e+01 1.471469020843505859e+01
4.394824981689453125e+01 1.472090148925781250e+01
4.424932861328125000e+01 1.472711181640625000e+01
4.455041122436523438e+01 1.473332786560058594e+01
4.485149002075195312e+01 1.473954677581787109e+01
4.515257263183593750e+01 1.474577140808105469e+01
4.545365142822265625e+01 1.475199222564697266e+01
4.575473022460937500e+01 1.475822162628173828e+01
4.605581665039062500e+01 1.476445102691650391e+01
4.635690307617187500e+01 1.477068328857421875e+01
4.665798187255859375e+01 1.477691459655761719e+01
4.695906066894531250e+01 1.478315830230712891e+01
4.726014709472656250e+01 1.478939533233642578e+01
4.756122589111328125e+01 1.479563713073730469e+01
4.786230468750000000e+01 1.480188274383544922e+01
4.816338729858398438e+01 1.480813026428222656e+01
4.846446228027343750e+01 1.481438064575195312e+01
4.876554870605468750e+01 1.482063388824462891e+01
4.906662750244140625e+01 1.482688903808593750e+01
4.936771011352539062e+01 1.483314704895019531e+01
4.966878890991210938e+01 1.483941173553466797e+01
4.996987152099609375e+01 1.484567165374755859e+01
5.027095031738281250e+01 1.485194206237792969e+01
5.057202911376953125e+01 1.485821056365966797e+01
5.087311553955078125e+01 1.486447811126708984e+01
5.117419433593750000e+01 1.487075233459472656e+01
5.147527313232421875e+01 1.487703323364257812e+01
5.177635192871093750e+01 1.488330554962158203e+01
5.207743072509765625e+01 1.488959121704101562e+01
5.237851715087890625e+01 1.489587593078613281e+01
5.267959594726562500e+01 1.490216350555419922e+01
5.298067474365234375e+01 1.490846061706542969e+01
5.328175354003906250e+01 1.491474628448486328e+01
5.358284759521484375e+01 1.492104148864746094e+01
5.388392257690429688e+01 1.492733955383300781e+01
5.418500137329101562e+01 1.493363952636718750e+01
5.448608398437500000e+01 1.493994331359863281e+01
5.478717041015625000e+01 1.494625663757324219e+01
5.508824920654296875e+01 1.495260429382324219e+01
5.538933181762695312e+01 1.495895862579345703e+01
5.569041061401367188e+01 1.496531486511230469e+01
5.599148941040039062e+01 1.497167110443115234e+01
5.629256820678710938e+01 1.497803306579589844e+01
5.659364700317382812e+01 1.498439502716064453e+01
5.689472961425781250e+01 1.499076271057128906e+01
5.719581222534179688e+01 1.499712944030761719e+01
5.749689865112304688e+01 1.500350189208984375e+01
5.779797363281250000e+01 1.500987815856933594e+01
5.809906005859375000e+01 1.501625347137451172e+01
5.840013504028320312e+01 1.502263450622558594e+01
5.870121765136718750e+01 1.502901458740234375e+01
5.900229644775390625e+01 1.503540515899658203e+01
5.930338668823242188e+01 1.504178714752197266e+01
5.960445404052734375e+01 1.504817867279052734e+01
5.990554046630859375e+01 1.505457687377929688e+01
6.020661926269531250e+01 1.506096744537353516e+01
6.050770568847656250e+01 1.506736755371093750e+01
6.080877685546875000e+01 1.507377052307128906e+01
6.110986328125000000e+01 1.508017635345458984e+01
6.141094207763671875e+01 1.508657741546630859e+01
6.171202087402343750e+01 1.509298896789550781e+01
6.201309967041015625e+01 1.509940242767333984e+01
6.231419372558593750e+01 1.510581874847412109e+01
6.261526107788085938e+01 1.511223411560058594e+01
6.291635131835937500e+01 1.511865615844726562e+01
6.321742248535156250e+01 1.512508106231689453e+01
6.351850891113281250e+01 1.513150501251220703e+01
6.381958007812500000e+01 1.513793468475341797e+01
6.412067413330078125e+01 1.514436817169189453e+01
6.442174530029296875e+01 1.515079689025878906e+01
6.472283172607421875e+01 1.515723514556884766e+01
6.502391815185546875e+01 1.516367912292480469e+01
6.532499694824218750e+01 1.517012310028076172e+01
6.562607574462890625e+01 1.517656612396240234e+01
6.592714691162109375e+01 1.518301582336425781e+01
6.622824096679687500e+01 1.518946743011474609e+01
6.652931976318359375e+01 1.519591522216796875e+01
6.683040618896484375e+01 1.520237255096435547e+01
6.713147735595703125e+01 1.520883274078369141e+01
6.743256378173828125e+01 1.521529579162597656e+01
6.773363494873046875e+01 1.522175502777099609e+01
6.803472900390625000e+01 1.522822666168212891e+01
6.833580017089843750e+01 1.523469829559326172e+01
6.863688659667968750e+01 1.524117183685302734e+01
6.893796539306640625e+01 1.524763774871826172e+01
6.923905181884765625e+01 1.525411701202392578e+01
6.954012298583984375e+01 1.526060676574707031e+01
6.984121704101562500e+01 1.526708793640136719e+01
7.014228057861328125e+01 1.527357292175292969e+01
7.044336700439453125e+01 1.528005599975585938e+01
7.074444580078125000e+01 1.528656005859375000e+01
7.104553222656250000e+01 1.529305267333984375e+01
7.134660339355468750e+01 1.529954433441162109e+01
7.164769744873046875e+01 1.530605316162109375e+01
7.194876861572265625e+01 1.531254959106445312e+01
7.224985504150390625e+01 1.531905651092529297e+01
7.255094146728515625e+01 1.532555961608886719e+01
7.285202026367187500e+01 1.533207607269287109e+01
7.315310668945312500e+01 1.533858776092529297e+01
7.345417785644531250e+01 1.534510231018066406e+01
7.375526428222656250e+01 1.535162258148193359e+01
7.405634307861328125e+01 1.535815048217773438e+01
7.435742950439453125e+01 1.536467361450195312e+01
7.465850067138671875e+01 1.537119865417480469e+01
7.495958709716796875e+01 1.537773036956787109e+01
7.526065826416015625e+01 1.538426589965820312e+01
7.556174468994140625e+01 1.539080333709716797e+01
7.586281585693359375e+01 1.539733600616455078e+01
7.616390991210937500e+01 1.540388298034667969e+01
7.646498107910156250e+01 1.541042900085449219e+01
7.676607513427734375e+01 1.541697406768798828e+01
7.706714630126953125e+01 1.542352581024169922e+01
7.736823272705078125e+01 1.543007564544677734e+01
7.766930389404296875e+01 1.543663311004638672e+01
7.797039794921875000e+01 1.544318866729736328e+01
7.827146148681640625e+01 1.544975185394287109e+01
7.857255554199218750e+01 1.545631313323974609e+01
7.887363433837890625e+01 1.546288204193115234e+01
7.917472076416015625e+01 1.546945285797119141e+01
7.947579193115234375e+01 1.547602272033691406e+01
7.977687835693359375e+01 1.548260688781738281e+01
8.007796478271484375e+01 1.548917865753173828e+01
8.037903594970703125e+01 1.549576473236083984e+01
8.068012237548828125e+01 1.550234603881835938e+01
8.098120117187500000e+01 1.550892639160156250e+01
8.128229522705078125e+01 1.551551628112792969e+01
8.158335876464843750e+01 1.552210998535156250e+01
8.188445281982421875e+01 1.552870655059814453e+01
8.218552398681640625e+01 1.553530502319335938e+01
8.248661041259765625e+01 1.554190731048583984e+01
8.278768157958984375e+01 1.554850387573242188e+01
8.308876800537109375e+01 1.555511474609375000e+01
8.338984680175781250e+01 1.556172561645507812e+01
8.369093322753906250e+01 1.556833457946777344e+01
8.399201202392578125e+01 1.557495021820068359e+01
8.429309082031250000e+01 1.558156204223632812e+01
8.459416961669921875e+01 1.558818340301513672e+01
8.489525604248046875e+01 1.559481143951416016e+01
8.519632720947265625e+01 1.560142707824707031e+01
8.549741363525390625e+01 1.560806083679199219e+01
8.579848480224609375e+01 1.561468982696533203e+01
8.609957122802734375e+01 1.562133216857910156e+01
8.640065765380859375e+01 1.562796306610107422e+01
8.670174407958984375e+01 1.563460445404052734e+01
8.700281524658203125e+01 1.564124488830566406e+01
8.730390167236328125e+01 1.564789104461669922e+01
8.760498809814453125e+01 1.565454101562500000e+01
8.790605926513671875e+01 1.566119670867919922e+01
8.820714569091796875e+01 1.566784477233886719e+01
8.850821685791015625e+01 1.567449569702148438e+01
8.880931091308593750e+01 1.568115997314453125e+01
8.911038208007812500e+01 1.568782043457031250e+01
8.941147613525390625e+01 1.569449043273925781e+01
8.971253967285156250e+01 1.570115280151367188e+01
9.001363372802734375e+01 1.570782470703125000e+01
9.031470489501953125e+01 1.571449565887451172e+01
9.061578369140625000e+01 1.572117805480957031e+01
9.091686248779296875e+01 1.572785472869873047e+01
9.121794891357421875e+01 1.573453807830810547e+01
9.151902008056640625e+01 1.574122428894042969e+01
9.182012176513671875e+01 1.574791812896728516e+01
9.212119293212890625e+01 1.575459861755371094e+01
9.242227935791015625e+01 1.576129341125488281e+01
9.272335052490234375e+01 1.576799106597900391e+01
9.302443695068359375e+01 1.577469158172607422e+01
9.332550811767578125e+01 1.578139495849609375e+01
9.362659454345703125e+01 1.578809833526611328e+01
9.392766571044921875e+01 1.579480743408203125e+01
9.422876739501953125e+01 1.580151176452636719e+01
9.452983093261718750e+01 1.580823040008544922e+01
9.483092498779296875e+01 1.581494808197021484e+01
9.513201141357421875e+01 1.582166481018066406e+01
9.543308258056640625e+01 1.582838439941406250e+01
9.573416900634765625e+01 1.583511066436767578e+01
9.603524017333984375e+01 1.584183597564697266e+01
9.633633422851562500e+01 1.584857940673828125e+01
9.663739776611328125e+01 1.585530662536621094e+01
9.693849182128906250e+01 1.586204433441162109e+01
9.723957061767578125e+01 1.586878490447998047e+01
9.754065704345703125e+01 1.587552833557128906e+01
9.784172821044921875e+01 1.588226795196533203e+01
9.814281463623046875e+01 1.588901710510253906e+01
9.844388580322265625e+01 1.589576530456542969e+01
9.874498748779296875e+01 1.590252399444580078e+01
9.904604339599609375e+01 1.590928173065185547e+01
9.934713745117187500e+01 1.591604232788085938e+01
9.964821624755859375e+01 1.592279434204101562e+01
9.994930267333984375e+01 1.592956066131591797e+01
1.002503738403320312e+02 1.593633365631103516e+01
1.005514602661132812e+02 1.594309425354003906e+01
1.008525314331054688e+02 1.594987010955810547e+01
1.011536178588867188e+02 1.595665550231933594e+01
1.014546890258789062e+02 1.596343612670898438e+01
1.017557907104492188e+02 1.597021198272705078e+01
1.020568618774414062e+02 1.597699832916259766e+01
1.023579483032226562e+02 1.598379230499267578e+01
1.026590347290039062e+02 1.599058437347412109e+01
1.029601058959960938e+02 1.599736785888671875e+01
1.032611923217773438e+02 1.600417709350585938e+01
1.035622634887695312e+02 1.601096343994140625e+01
1.038633499145507812e+02 1.601776313781738281e+01
1.041644287109375000e+02 1.602456665039062500e+01
1.044655227661132812e+02 1.603138351440429688e+01
1.047665863037109375e+02 1.603820419311523438e+01
1.050676803588867188e+02 1.604500770568847656e+01
1.053687515258789062e+02 1.605181884765625000e+01
1.056698379516601562e+02 1.605865097045898438e+01
1.059709091186523438e+02 1.606546401977539062e+01
1.062719955444335938e+02 1.607229423522949219e+01
1.065730743408203125e+02 1.607910919189453125e+01
1.068741607666015625e+02 1.608595085144042969e+01
1.071752319335937500e+02 1.609278678894042969e+01
1.074763259887695312e+02 1.609961700439453125e+01
1.077773895263671875e+02 1.610645866394042969e+01
1.080784835815429688e+02 1.611330604553222656e+01
1.083795547485351562e+02 1.612014961242675781e+01
1.086806411743164062e+02 1.612700080871582031e+01
1.089817123413085938e+02 1.613385772705078125e+01
1.092827987670898438e+02 1.614071083068847656e+01
1.095838699340820312e+02 1.614756202697753906e+01
1.098849639892578125e+02 1.615442657470703125e+01
1.101860504150390625e+02 1.616128730773925781e+01
1.104871292114257812e+02 1.616814804077148438e+01
1.107882156372070312e+02 1.617502593994140625e+01
1.110892868041992188e+02 1.618190002441406250e+01
1.113903732299804688e+02 1.618876838684082031e+01
1.116914443969726562e+02 1.619565582275390625e+01
1.119925308227539062e+02 1.620252990722656250e+01
1.122936096191406250e+02 1.620940780639648438e+01
1.125946960449218750e+02 1.621630859375000000e+01
1.128957672119140625e+02 1.622319602966308594e+01
1.131968612670898438e+02 1.623008918762207031e+01
1.134979324340820312e+02 1.623697853088378906e+01
1.137990264892578125e+02 1.624387931823730469e+01
1.141000900268554688e+02 1.625077438354492188e+01
1.144011840820312500e+02 1.625767898559570312e+01
1.147022476196289062e+02 1.626459312438964844e+01
1.150033416748046875e+02 1.627149963378906250e+01
1.153044204711914062e+02 1.627841567993164062e+01
1.156055068969726562e+02 1.628533172607421875e+01
1.159065780639648438e+02 1.629225349426269531e+01
1.162076644897460938e+02 1.629916763305664062e+01
1.165087356567382812e+02 1.630609512329101562e+01
1.168098220825195312e+02 1.631302452087402344e+01
1.171108932495117188e+02 1.631995201110839844e+01
1.174119873046875000e+02 1.632689094543457031e+01
